0.0005 0.202959 0.000301491
0.0015 0.20296 0.000301384
0.0025 0.203489 0.000319906
0.0035 0.203083 0.000265191
0.0045 0.203122 0.000295336
0.0055 0.203113 0.000286497
0.0065 0.202927 0.000238293
0.0075 0.203087 0.000257065
0.0085 0.20284 0.000235182
0.0095 0.203431 0.000289896
0.0105 0.203092 0.000278757
0.0115 0.20328 0.000267326
0.0125 0.203245 0.000303289
0.0135 0.20335 0.00026879
0.0145 0.203405 0.000293949
0.0155 0.203758 0.000400177
0.0165 0.2036 0.000322869
0.0175 0.203217 0.000291762
0.0185 0.20332 0.000288895
0.0195 0.203886 0.000409265
0.0205 0.203731 0.00033738
0.0215 0.203474 0.000361364
0.0225 0.203738 0.000330623
0.0235 0.203605 0.00033671
0.0245 0.203432 0.000297119
0.0255 0.203608 0.000318249
0.0265 0.204477 0.000323606
0.0275 0.204543 0.000302324
0.0285 0.204683 0.000327254
0.0295 0.205034 0.000336891
0.0305 0.204914 0.000366137
0.0315 0.204412 0.000273687
0.0325 0.204568 0.000342258
0.0335 0.204505 0.000293143
0.0345 0.204253 0.000248683
0.0355 0.204442 0.000314002
0.0365 0.204542 0.000349708
0.0375 0.204781 0.000306421
0.0385 0.205008 0.000375127
0.0395 0.204418 0.000255097
0.0405 0.20461 0.000327729
0.0415 0.204271 0.000283224
0.0425 0.204673 0.000281985
0.0435 0.204688 0.000308774
0.0445 0.204683 0.000321091
0.0455 0.204599 0.000265302
0.0465 0.205107 0.000302915
0.0475 0.205132 0.000341598
0.0485 0.204927 0.000330482
0.0495 0.204989 0.000322324
0.0505 0.205083 0.000299089
0.0515 0.205225 0.000282954
0.0525 0.205787 0.000312495
0.0535 0.205651 0.000312884
0.0545 0.205991 0.000342926
0.0555 0.20575 0.000371616
0.0565 0.205612 0.000314805
0.0575 0.205653 0.000293015
0.0585 0.2052 0.000241761
0.0595 0.205136 0.000194406
0.0605 0.20547 0.000265342
0.0615 0.205443 0.00027499
0.0625 0.205398 0.000231483
0.0635 0.205566 0.000234449
0.0645 0.205607 0.000250881
0.0655 0.205817 0.000304267
0.0665 0.205729 0.00031709
0.0675 0.205886 0.000314332
0.0685 0.206041 0.000290862
0.0695 0.206426 0.000409912
0.0705 0.206045 0.000327328
0.0715 0.205754 0.000309503
0.0725 0.205533 0.000307946
0.0735 0.205849 0.00030975
0.0745 0.205821 0.000277011
0.0755 0.206476 0.000370394
0.0765 0.206396 0.000300211
0.0775 0.206942 0.000340749
0.0785 0.206648 0.000283183
0.0795 0.206748 0.00033407
0.0805 0.20701 0.000333034
0.0815 0.206771 0.000278697
0.0825 0.206789 0.000307132
0.0835 0.206629 0.000308378
0.0845 0.206477 0.000327322
0.0855 0.206909 0.00036109
0.0865 0.207178 0.000388651
0.0875 0.207366 0.000457307
0.0885 0.207161 0.00034536
0.0895 0.207024 0.000396706
0.0905 0.206666 0.000296769
0.0915 0.206743 0.000333777
0.0925 0.207093 0.000409462
0.0935 0.206833 0.000332942
0.0945 0.206965 0.000338997
0.0955 0.207295 0.000446094
0.0965 0.206771 0.000302165
0.0975 0.206578 0.000295127
0.0985 0.206833 0.00028892
0.0995 0.207774 0.000389724
0.1005 0.207418 0.000341723
0.1015 0.207851 0.000344016
0.1025 0.207982 0.000352382
0.1035 0.208026 0.000298318
0.1045 0.208087 0.000272255
0.1055 0.20792 0.000301917
0.1065 0.208128 0.00036681
0.1075 0.20806 0.000315586
0.1085 0.208132 0.000300631
0.1095 0.208107 0.000298632
0.1105 0.208325 0.00032207
0.1115 0.208315 0.000331465
0.1125 0.207579 0.00023739
0.1135 0.207944 0.000267183
0.1145 0.207877 0.000264688
0.1155 0.20853 0.000414134
0.1165 0.208037 0.000295177
0.1175 0.207846 0.000272221
0.1185 0.207993 0.000250703
0.1195 0.208199 0.00029
0.1205 0.208536 0.000353844
0.1215 0.208433 0.000319225
0.1225 0.208298 0.000313532
0.1235 0.208212 0.000306545
0.1245 0.208405 0.000340972
0.1255 0.208346 0.000302698
0.1265 0.20885 0.000318128
0.1275 0.209232 0.000359701
0.1285 0.20873 0.000269369
0.1295 0.208677 0.000254778
0.1305 0.208998 0.000295637
0.1315 0.209032 0.000303534
0.1325 0.209156 0.000320899
0.1335 0.209203 0.000341685
0.1345 0.209216 0.00036924
0.1355 0.209292 0.000362214
0.1365 0.209195 0.000334141
0.1375 0.2089 0.000312818
0.1385 0.208969 0.000346123
0.1395 0.209241 0.000353805
0.1405 0.208881 0.000299885
0.1415 0.20916 0.000378175
0.1425 0.208633 0.000321057
0.1435 0.208575 0.000266819
0.1445 0.2086 0.000249853
0.1455 0.208732 0.000296291
0.1465 0.208636 0.000274047
0.1475 0.208763 0.000255266
0.1485 0.209041 0.000280075
0.1495 0.209248 0.00031033
0.1505 0.209215 0.000265893
0.1515 0.209645 0.000349241
0.1525 0.209525 0.000268092
0.1535 0.209673 0.000279989
0.1545 0.209974 0.000315523
0.1555 0.209932 0.000298429
0.1565 0.210071 0.000358232
0.1575 0.209819 0.00032882
0.1585 0.209977 0.00034297
0.1595 0.209738 0.000292259
0.1605 0.209613 0.000275585
0.1615 0.209829 0.000307721
0.1625 0.209837 0.000322144
0.1635 0.210153 0.000363182
0.1645 0.210338 0.000339019
0.1655 0.210089 0.000309453
0.1665 0.209987 0.000315038
0.1675 0.210059 0.000292871
0.1685 0.210169 0.000306623
0.1695 0.209959 0.00029089
0.1705 0.210153 0.000377791
0.1715 0.210314 0.000343337
0.1725 0.210165 0.00033617
0.1735 0.210489 0.000330308
0.1745 0.210353 0.000294629
0.1755 0.210843 0.000328809
0.1765 0.210681 0.000263953
0.1775 0.211219 0.000380145
0.1785 0.210882 0.000293126
0.1795 0.211041 0.000314504
0.1805 0.211007 0.000355029
0.1815 0.210572 0.000264068
0.1825 0.210861 0.000295609
0.1835 0.210762 0.000270134
0.1845 0.210685 0.000305814
0.1855 0.210708 0.000274549
0.1865 0.210793 0.000265678
0.1875 0.211228 0.000347239
0.1885 0.211121 0.000402267
0.1895 0.211102 0.000352518
0.1905 0.211392 0.000435565
0.1915 0.211127 0.000311217
0.1925 0.211378 0.000363052
0.1935 0.211306 0.00035841
0.1945 0.211235 0.000380364
0.1955 0.211569 0.000413518
0.1965 0.211272 0.000327674
0.1975 0.211244 0.000346738
0.1985 0.211208 0.000256928
0.1995 0.211431 0.000271509
0.2005 0.211315 0.00027786
0.2015 0.211226 0.000252429
0.2025 0.211554 0.000295357
0.2035 0.211281 0.000264429
0.2045 0.211579 0.000307345
0.2055 0.211716 0.000316889
0.2065 0.211937 0.000357789
0.2075 0.211693 0.000292401
0.2085 0.212044 0.000317298
0.2095 0.212139 0.000262563
0.2105 0.212318 0.000364741
0.2115 0.212127 0.000280108
0.2125 0.212116 0.000320771
0.2135 0.211738 0.000263396
0.2145 0.211937 0.000296925
0.2155 0.211993 0.000335327
0.2165 0.212272 0.000366358
0.2175 0.212025 0.00029076
0.2185 0.212728 0.000382881
0.2195 0.212117 0.000297809
0.2205 0.211787 0.000258195
0.2215 0.212319 0.000328656
0.2225 0.212258 0.000309914
0.2235 0.212546 0.00033475
0.2245 0.212821 0.000367137
0.2255 0.213247 0.000342858
0.2265 0.213002 0.000317953
0.2275 0.212696 0.000298036
0.2285 0.213432 0.000372379
0.2295 0.212759 0.000299397
0.2305 0.212885 0.000299828
0.2315 0.212709 0.000271962
0.2325 0.212695 0.000305993
0.2335 0.212819 0.000335882
0.2345 0.212794 0.000349521
0.2355 0.212634 0.000376971
0.2365 0.212705 0.000323411
0.2375 0.21314 0.000417671
0.2385 0.212755 0.000301531
0.2395 0.212865 0.000364098
0.2405 0.212654 0.000302778
0.2415 0.212805 0.000310501
0.2425 0.212873 0.000284162
0.2435 0.213155 0.000348577
0.2445 0.213394 0.000320357
0.2455 0.213706 0.000352448
0.2465 0.213616 0.000349744
0.2475 0.214053 0.000377908
0.2485 0.213818 0.000283089
0.2495 0.214069 0.000349451
0.2505 0.214334 0.000406436
0.2515 0.214123 0.000397014
0.2525 0.214037 0.000344077
0.2535 0.214696 0.000467987
0.2545 0.213877 0.000316516
0.2555 0.213764 0.000319941
0.2565 0.213806 0.000320259
0.2575 0.21435 0.000451896
0.2585 0.214073 0.000388567
0.2595 0.213522 0.000261082
0.2605 0.213998 0.000290997
0.2615 0.21388 0.000296966
0.2625 0.213885 0.000330674
0.2635 0.213857 0.000349822
0.2645 0.214116 0.00038697
0.2655 0.21449 0.000411921
0.2665 0.214038 0.000352503
0.2675 0.214249 0.000326799
0.2685 0.214113 0.000348275
0.2695 0.214492 0.000404163
0.2705 0.214047 0.000323803
0.2715 0.214375 0.000319908
0.2725 0.214127 0.00030153
0.2735 0.214506 0.000384928
0.2745 0.214519 0.000331187
0.2755 0.214536 0.000295928
0.2765 0.21422 0.000236568
0.2775 0.214446 0.000277477
0.2785 0.214634 0.000339432
0.2795 0.214958 0.00038742
0.2805 0.214989 0.000364621
0.2815 0.214481 0.000290203
0.2825 0.214197 0.000258188
0.2835 0.214678 0.000311262
0.2845 0.215086 0.000434724
0.2855 0.214905 0.000356357
0.2865 0.215071 0.000373209
0.2875 0.215198 0.000365987
0.2885 0.214943 0.000363574
0.2895 0.215083 0.000388568
0.2905 0.215007 0.000343493
0.2915 0.215481 0.000368972
0.2925 0.215184 0.000293209
0.2935 0.215272 0.000339299
0.2945 0.214963 0.000267862
0.2955 0.215736 0.000318308
0.2965 0.215896 0.000345793
0.2975 0.216034 0.000351863
0.2985 0.215641 0.000327086
0.2995 0.216149 0.000332857
0.3005 0.216066 0.000381624
0.3015 0.215754 0.000303888
0.3025 0.215777 0.000359606
0.3035 0.215771 0.000342839
0.3045 0.215897 0.000328594
0.3055 0.216044 0.000358769
0.3065 0.215779 0.000288747
0.3075 0.215339 0.000279909
0.3085 0.215854 0.0003433
0.3095 0.215891 0.000407937
0.3105 0.215517 0.000262082
0.3115 0.215717 0.000300644
0.3125 0.215917 0.00032021
0.3135 0.215684 0.000303975
0.3145 0.215876 0.00029959
0.3155 0.215565 0.000260082
0.3165 0.215729 0.000259458
0.3175 0.215824 0.000236593
0.3185 0.216045 0.000333311
0.3195 0.21626 0.00036142
0.3205 0.216732 0.000421215
0.3215 0.21649 0.000352389
0.3225 0.216956 0.000453234
0.3235 0.217121 0.000435426
0.3245 0.216845 0.00034362
0.3255 0.216665 0.00031323
0.3265 0.217019 0.0004139
0.3275 0.216809 0.000294855
0.3285 0.217083 0.00045795
0.3295 0.216501 0.000287327
0.3305 0.216529 0.00028587
0.3315 0.216832 0.000367526
0.3325 0.216649 0.000310175
0.3335 0.216874 0.000377754
0.3345 0.216772 0.000328803
0.3355 0.217093 0.000349529
0.3365 0.217398 0.000449796
0.3375 0.217252 0.000381094
0.3385 0.217151 0.000305419
0.3395 0.217021 0.000320946
0.3405 0.217069 0.000343745
0.3415 0.217208 0.000343721
0.3425 0.217682 0.000378039
0.3435 0.217208 0.000325797
0.3445 0.216972 0.000268263
0.3455 0.217087 0.000260976
0.3465 0.217173 0.000269343
0.3475 0.217386 0.000288348
0.3485 0.217343 0.000297227
0.3495 0.217728 0.000334665
0.3505 0.217909 0.000351283
0.3515 0.21694 0.000236384
0.3525 0.217623 0.000345451
0.3535 0.217786 0.000358164
0.3545 0.217168 0.000290163
0.3555 0.217476 0.0002781
0.3565 0.217713 0.000391175
0.3575 0.217737 0.000368414
0.3585 0.21748 0.000332075
0.3595 0.217563 0.000336036
0.3605 0.217816 0.000350412
0.3615 0.217575 0.000310535
0.3625 0.218093 0.000345396
0.3635 0.217938 0.000336002
0.3645 0.21805 0.000326807
0.3655 0.217724 0.000299758
0.3665 0.217666 0.000270752
0.3675 0.218277 0.000316088
0.3685 0.217884 0.000316238
0.3695 0.217588 0.000230733
0.3705 0.217749 0.000257382
0.3715 0.217761 0.000286627
0.3725 0.217902 0.000300991
0.3735 0.217986 0.000392584
0.3745 0.218092 0.000349564
0.3755 0.217851 0.000279298
0.3765 0.217875 0.000272882
0.3775 0.217907 0.00027064
0.3785 0.218115 0.00028754
0.3795 0.21819 0.000350524
0.3805 0.218348 0.000338752
0.3815 0.218732 0.000329657
0.3825 0.218164 0.000302755
0.3835 0.218717 0.000371356
0.3845 0.218694 0.000320219
0.3855 0.219055 0.000348974
0.3865 0.219338 0.000409141
0.3875 0.219092 0.000387513
0.3885 0.218743 0.000299439
0.3895 0.219023 0.000318642
0.3905 0.219015 0.00031802
0.3915 0.219024 0.000305432
0.3925 0.218805 0.000311155
0.3935 0.218902 0.000319192
0.3945 0.218917 0.000296544
0.3955 0.219149 0.000312393
0.3965 0.219211 0.000303244
0.3975 0.219189 0.00033826
0.3985 0.2192 0.000314209
0.3995 0.219352 0.000311074
0.4005 0.219387 0.000320941
0.4015 0.219266 0.000257489
0.4025 0.219177 0.00026472
0.4035 0.21943 0.000319042
0.4045 0.220184 0.000395588
0.4055 0.219873 0.000328148
0.4065 0.219553 0.000278001
0.4075 0.220198 0.000347677
0.4085 0.220665 0.000497043
0.4095 0.2202 0.000318501
0.4105 0.220036 0.00031062
0.4115 0.220148 0.000365656
0.4125 0.219691 0.000278811
0.4135 0.219985 0.000325945
0.4145 0.219832 0.000271437
0.4155 0.220473 0.000373053
0.4165 0.220079 0.000307711
0.4175 0.219858 0.000238341
0.4185 0.220305 0.000305203
0.4195 0.220555 0.000345985
0.4205 0.219792 0.000248752
0.4215 0.219872 0.000286077
0.4225 0.220453 0.000347159
0.4235 0.220265 0.00029072
0.4245 0.22027 0.000324459
0.4255 0.220284 0.000322496
0.4265 0.220763 0.00040851
0.4275 0.220552 0.000347351
0.4285 0.220484 0.000304525
0.4295 0.221106 0.000396299
0.4305 0.220976 0.000353345
0.4315 0.220688 0.000292432
0.4325 0.221009 0.000397091
0.4335 0.220518 0.000278719
0.4345 0.221152 0.000334354
0.4355 0.221089 0.000321116
0.4365 0.220712 0.000284725
0.4375 0.220881 0.000301158
0.4385 0.221341 0.000372251
0.4395 0.220824 0.000290162
0.4405 0.220917 0.000348234
0.4415 0.220981 0.000290542
0.4425 0.220606 0.000278998
0.4435 0.221063 0.000325361
0.4445 0.22092 0.000310123
0.4455 0.220973 0.000280966
0.4465 0.221475 0.00034521
0.4475 0.221234 0.00029205
0.4485 0.221819 0.000399519
0.4495 0.221096 0.000300594
0.4505 0.221104 0.000317735
0.4515 0.221397 0.000400473
0.4525 0.221383 0.000332843
0.4535 0.221716 0.000330174
0.4545 0.221924 0.00038706
0.4555 0.221589 0.000313264
0.4565 0.221815 0.000384168
0.4575 0.221832 0.000322767
0.4585 0.221449 0.000260152
0.4595 0.221833 0.000317656
0.4605 0.221881 0.000350351
0.4615 0.222093 0.000335739
0.4625 0.222371 0.000335688
0.4635 0.222191 0.000323694
0.4645 0.221943 0.00029798
0.4655 0.222301 0.000342436
0.4665 0.222249 0.000320726
0.4675 0.221798 0.000282158
0.4685 0.221984 0.000273824
0.4695 0.222037 0.00029215
0.4705 0.222344 0.000358926
0.4715 0.222645 0.000377633
0.4725 0.22218 0.000312588
0.4735 0.222668 0.000380321
0.4745 0.222528 0.000286257
0.4755 0.222151 0.000268795
0.4765 0.222126 0.000268382
0.4775 0.222392 0.000273958
0.4785 0.22247 0.000286365
0.4795 0.222723 0.000344768
0.4805 0.222618 0.000319561
0.4815 0.222637 0.000283868
0.4825 0.222747 0.000327804
0.4835 0.222665 0.000285105
0.4845 0.222637 0.000301744
0.4855 0.22259 0.000297334
0.4865 0.222553 0.000291585
0.4875 0.222694 0.000325305
0.4885 0.223045 0.000392184
0.4895 0.223278 0.000343797
0.4905 0.223033 0.000335612
0.4915 0.223365 0.000318962
0.4925 0.223303 0.000343005
0.4935 0.223257 0.000340624
0.4945 0.223598 0.000353788
0.4955 0.22376 0.000332175
0.4965 0.224006 0.000365047
0.4975 0.224054 0.000401195
0.4985 0.224562 0.000454828
0.4995 0.224083 0.000389698
0.5005 0.223583 0.000315066
0.5015 0.223583 0.000296946
0.5025 0.224142 0.000422312
0.5035 0.22386 0.000345818
0.5045 0.22387 0.000327329
0.5055 0.224228 0.000357429
0.5065 0.224286 0.000340742
0.5075 0.223882 0.000337888
0.5085 0.223969 0.000345877
0.5095 0.223732 0.000300507
0.5105 0.223663 0.000266031
0.5115 0.223935 0.000276091
0.5125 0.224698 0.000394853
0.5135 0.224485 0.000368126
0.5145 0.224407 0.000346195
0.5155 0.22454 0.000376756
0.5165 0.224458 0.00031505
0.5175 0.224492 0.000327486
0.5185 0.224443 0.00037776
0.5195 0.224735 0.000361532
0.5205 0.22528 0.000469639
0.5215 0.225394 0.000428787
0.5225 0.224819 0.000333223
0.5235 0.224362 0.000272345
0.5245 0.224912 0.000303715
0.5255 0.224822 0.000287543
0.5265 0.225046 0.000313189
0.5275 0.225311 0.000409978
0.5285 0.225245 0.000397127
0.5295 0.22506 0.000329671
0.5305 0.224706 0.000285198
0.5315 0.2249 0.000277773
0.5325 0.22559 0.000412602
0.5335 0.22546 0.000442751
0.5345 0.225352 0.000419679
0.5355 0.225259 0.000358228
0.5365 0.225656 0.000328947
0.5375 0.225229 0.000303191
0.5385 0.225464 0.000324492
0.5395 0.225866 0.000348351
0.5405 0.225677 0.000311628
0.5415 0.22611 0.000370893
0.5425 0.225914 0.000305698
0.5435 0.226001 0.00033883
0.5445 0.225866 0.000355473
0.5455 0.225826 0.000367207
0.5465 0.226222 0.000417775
0.5475 0.225868 0.000328687
0.5485 0.225727 0.00034456
0.5495 0.225836 0.000310894
0.5505 0.22637 0.000390079
0.5515 0.226018 0.000378541
0.5525 0.226329 0.000368814
0.5535 0.226266 0.000351412
0.5545 0.226181 0.000383815
0.5555 0.226233 0.000366149
0.5565 0.22634 0.000369
0.5575 0.226315 0.000386703
0.5585 0.226088 0.00029314
0.5595 0.226547 0.000316067
0.5605 0.226456 0.000334754
0.5615 0.227043 0.000380699
0.5625 0.226205 0.000287147
0.5635 0.226475 0.000336961
0.5645 0.226371 0.000331639
0.5655 0.226025 0.000260294
0.5665 0.226349 0.000324911
0.5675 0.226416 0.000309683
0.5685 0.226618 0.000309542
0.5695 0.226775 0.000331398
0.5705 0.226482 0.000283345
0.5715 0.226687 0.000327493
0.5725 0.226641 0.00029682
0.5735 0.226967 0.000388762
0.5745 0.226543 0.000262417
0.5755 0.226758 0.000306217
0.5765 0.226417 0.000243281
0.5775 0.226647 0.000309877
0.5785 0.226762 0.000316031
0.5795 0.226627 0.000282643
0.5805 0.226956 0.000277041
0.5815 0.226771 0.000275936
0.5825 0.226832 0.000267229
0.5835 0.227364 0.000303647
0.5845 0.22744 0.000359015
0.5855 0.227737 0.000400185
0.5865 0.227944 0.000427559
0.5875 0.227888 0.000388606
0.5885 0.228305 0.000475616
0.5895 0.2275 0.000322283
0.5905 0.227821 0.000360246
0.5915 0.227953 0.000337547
0.5925 0.227843 0.000384519
0.5935 0.227632 0.000294125
0.5945 0.227758 0.000339031
0.5955 0.227499 0.000276334
0.5965 0.227886 0.000327852
0.5975 0.228092 0.00038849
0.5985 0.228084 0.000336081
0.5995 0.227726 0.000292206
0.6005 0.227748 0.000265147
0.6015 0.228486 0.000327408
0.6025 0.228615 0.000370703
0.6035 0.22856 0.000344121
0.6045 0.228318 0.000346926
0.6055 0.228577 0.000366395
0.6065 0.228285 0.00031901
0.6075 0.22796 0.000250379
0.6085 0.228624 0.000360146
0.6095 0.228563 0.000361754
0.6105 0.229029 0.00041117
0.6115 0.228786 0.000387814
0.6125 0.228352 0.000334177
0.6135 0.228364 0.000340093
0.6145 0.228287 0.0003577
0.6155 0.228857 0.000335794
0.6165 0.228493 0.000321916
0.6175 0.228833 0.000341151
0.6185 0.228521 0.000260996
0.6195 0.228854 0.000302804
0.6205 0.22902 0.000325906
0.6215 0.229208 0.000356137
0.6225 0.228602 0.000266107
0.6235 0.22889 0.000298125
0.6245 0.229123 0.000327595
0.6255 0.229257 0.00031282
0.6265 0.229272 0.000364929
0.6275 0.228846 0.000278252
0.6285 0.228828 0.000283962
0.6295 0.229197 0.000304709
0.6305 0.229572 0.000347647
0.6315 0.229278 0.000349459
0.6325 0.229371 0.000310394
0.6335 0.229382 0.000296867
0.6345 0.229575 0.000306611
0.6355 0.229572 0.000318527
0.6365 0.229921 0.000413652
0.6375 0.229808 0.000348079
0.6385 0.229861 0.000354206
0.6395 0.230002 0.000417303
0.6405 0.229573 0.000260381
0.6415 0.229986 0.000338928
0.6425 0.23002 0.00036869
0.6435 0.230098 0.000397963
0.6445 0.230119 0.000353866
0.6455 0.230093 0.000358814
0.6465 0.229891 0.000360095
0.6475 0.229744 0.000280124
0.6485 0.230125 0.000337507
0.6495 0.22991 0.000275778
0.6505 0.230239 0.000294362
0.6515 0.230349 0.000346816
0.6525 0.23093 0.000438031
0.6535 0.230505 0.000360449
0.6545 0.230697 0.000359866
0.6555 0.230746 0.000367652
0.6565 0.23084 0.000320348
0.6575 0.23061 0.000316158
0.6585 0.231034 0.000393312
0.6595 0.230653 0.000330944
0.6605 0.230575 0.00027229
0.6615 0.230991 0.000334488
0.6625 0.231461 0.000424533
0.6635 0.231703 0.000392137
0.6645 0.231202 0.000334161
0.6655 0.231708 0.000384409
0.6665 0.231432 0.000382578
0.6675 0.231082 0.00028251
0.6685 0.230916 0.000295491
0.6695 0.231561 0.000417528
0.6705 0.231062 0.000310588
0.6715 0.230974 0.000341962
0.6725 0.230976 0.000244097
0.6735 0.231059 0.000325144
0.6745 0.231558 0.000349694
0.6755 0.230907 0.000232979
0.6765 0.231705 0.000419052
0.6775 0.231508 0.000326458
0.6785 0.231467 0.000303426
0.6795 0.23122 0.000301806
0.6805 0.231605 0.000328966
0.6815 0.231887 0.000358191
0.6825 0.23196 0.000328861
0.6835 0.23213 0.000350669
0.6845 0.23178 0.000302027
0.6855 0.23178 0.00023418
0.6865 0.231835 0.000338922
0.6875 0.231695 0.000345931
0.6885 0.232055 0.000363525
0.6895 0.231826 0.000304243
0.6905 0.232357 0.000371702
0.6915 0.232004 0.000288345
0.6925 0.232205 0.000332394
0.6935 0.231925 0.000273672
0.6945 0.232537 0.000348455
0.6955 0.232535 0.000270658
0.6965 0.232598 0.00027987
0.6975 0.233002 0.000336311
0.6985 0.232656 0.000374057
0.6995 0.232789 0.000406663
0.7005 0.232746 0.000355977
0.7015 0.232829 0.000379122
0.7025 0.232979 0.000386929
0.7035 0.232706 0.000313433
0.7045 0.232874 0.000329774
0.7055 0.233078 0.000329824
0.7065 0.233242 0.000322135
0.7075 0.233064 0.000356923
0.7085 0.233633 0.000393405
0.7095 0.233673 0.000601063
0.7105 0.233133 0.0003326
0.7115 0.233445 0.000391428
0.7125 0.233113 0.000326274
0.7135 0.233578 0.0003977
0.7145 0.233443 0.000328039
0.7155 0.23356 0.000334262
0.7165 0.233439 0.000331518
0.7175 0.233278 0.000375155
0.7185 0.233343 0.000322119
0.7195 0.233309 0.000292452
0.7205 0.233509 0.000323973
0.7215 0.233997 0.00036574
0.7225 0.233629 0.00035297
0.7235 0.234113 0.000370035
0.7245 0.233874 0.000349886
0.7255 0.233688 0.000331943
0.7265 0.233847 0.000349863
0.7275 0.233999 0.000378625
0.7285 0.234237 0.000394453
0.7295 0.234346 0.00040238
0.7305 0.234125 0.000317766
0.7315 0.233967 0.000296885
0.7325 0.234556 0.000405506
0.7335 0.235115 0.000426058
0.7345 0.234574 0.00035521
0.7355 0.234261 0.0003167
0.7365 0.23502 0.000454607
0.7375 0.234959 0.000385843
0.7385 0.234769 0.000343247
0.7395 0.234832 0.000341539
0.7405 0.234979 0.000390859
0.7415 0.235549 0.000386862
0.7425 0.235363 0.000369987
0.7435 0.235159 0.000390371
0.7445 0.235465 0.000365795
0.7455 0.235413 0.000372813
0.7465 0.235826 0.000488993
0.7475 0.235777 0.000432688
0.7485 0.235389 0.000380151
0.7495 0.235947 0.000482528
0.7505 0.23524 0.000425338
0.7515 0.235357 0.000347836
0.7525 0.235727 0.000376016
0.7535 0.235729 0.000404068
0.7545 0.235212 0.000304821
0.7555 0.235957 0.000445815
0.7565 0.235904 0.000389733
0.7575 0.235831 0.000408271
0.7585 0.235494 0.000325044
0.7595 0.236092 0.000510327
0.7605 0.235621 0.000456915
0.7615 0.235248 0.000288467
0.7625 0.23521 0.000264445
0.7635 0.235268 0.000272294
0.7645 0.235707 0.000361304
0.7655 0.235655 0.000289496
0.7665 0.235512 0.0003056
0.7675 0.23547 0.000237144
0.7685 0.235473 0.000257297
0.7695 0.236324 0.000358411
0.7705 0.236197 0.000339257
0.7715 0.236622 0.000419974
0.7725 0.236535 0.000361304
0.7735 0.236419 0.000318032
0.7745 0.236844 0.000388616
0.7755 0.236887 0.000340434
0.7765 0.236533 0.000305297
0.7775 0.236799 0.000356261
0.7785 0.236307 0.000287436
0.7795 0.236352 0.000294752
0.7805 0.236495 0.000320058
0.7815 0.236929 0.000396646
0.7825 0.236453 0.000341557
0.7835 0.236752 0.000332234
0.7845 0.236816 0.000324939
0.7855 0.236877 0.000273783
0.7865 0.237173 0.000340666
0.7875 0.236873 0.000334741
0.7885 0.237095 0.00035866
0.7895 0.237044 0.000321136
0.7905 0.236744 0.000292287
0.7915 0.237144 0.000307822
0.7925 0.237318 0.000335682
0.7935 0.237331 0.000353179
0.7945 0.237015 0.000335649
0.7955 0.237046 0.000310359
0.7965 0.23816 0.000557968
0.7975 0.237184 0.000320675
0.7985 0.23703 0.000272061
0.7995 0.237578 0.000370658
0.8005 0.237147 0.000320088
0.8015 0.237353 0.000331992
0.8025 0.237806 0.000396257
0.8035 0.237756 0.000354353
0.8045 0.238033 0.000368413
0.8055 0.237795 0.000307446
0.8065 0.237536 0.000293788
0.8075 0.237331 0.000314579
0.8085 0.237434 0.000248101
0.8095 0.23787 0.000279691
0.8105 0.237688 0.000253074
0.8115 0.238685 0.000473871
0.8125 0.238375 0.000337633
0.8135 0.238112 0.000321508
0.8145 0.238048 0.000378097
0.8155 0.238509 0.000344395
0.8165 0.23853 0.00034676
0.8175 0.23849 0.000334159
0.8185 0.238679 0.000342351
0.8195 0.238924 0.000373957
0.8205 0.238693 0.000330173
0.8215 0.238498 0.000303683
0.8225 0.238918 0.000355647
0.8235 0.239337 0.000416291
0.8245 0.239017 0.000353042
0.8255 0.238703 0.000360717
0.8265 0.238499 0.000323428
0.8275 0.238528 0.000253101
0.8285 0.238793 0.000292606
0.8295 0.23955 0.000389311
0.8305 0.239479 0.000353468
0.8315 0.238844 0.000264958
0.8325 0.239132 0.000315297
0.8335 0.239219 0.000379678
0.8345 0.23927 0.000324228
0.8355 0.239539 0.00036239
0.8365 0.239429 0.000361337
0.8375 0.239712 0.000373714
0.8385 0.239734 0.000329667
0.8395 0.239857 0.000337345
0.8405 0.239987 0.000381406
0.8415 0.240275 0.000343141
0.8425 0.239634 0.000315602
0.8435 0.239626 0.000316224
0.8445 0.240018 0.000328639
0.8455 0.240024 0.000305424
0.8465 0.23995 0.000336306
0.8475 0.23988 0.000351874
0.8485 0.23961 0.000332944
0.8495 0.239775 0.000316039
0.8505 0.239801 0.000253226
0.8515 0.239782 0.000313745
0.8525 0.239947 0.000331731
0.8535 0.241089 0.000508483
0.8545 0.240525 0.000338047
0.8555 0.240364 0.000344331
0.8565 0.240422 0.000376354
0.8575 0.240315 0.000330748
0.8585 0.240431 0.000345643
0.8595 0.24086 0.000376677
0.8605 0.240754 0.000374556
0.8615 0.240961 0.000397327
0.8625 0.240623 0.000359632
0.8635 0.240446 0.000316544
0.8645 0.240616 0.000297989
0.8655 0.240648 0.000323025
0.8665 0.240727 0.00037583
0.8675 0.24057 0.000276752
0.8685 0.240962 0.000341035
0.8695 0.241331 0.000365807
0.8705 0.241082 0.00034125
0.8715 0.240808 0.000316782
0.8725 0.241176 0.000374756
0.8735 0.240992 0.00039274
0.8745 0.240637 0.000284262
0.8755 0.240771 0.000330898
0.8765 0.240858 0.000317293
0.8775 0.241098 0.000330052
0.8785 0.241265 0.000341001
0.8795 0.241068 0.00034831
0.8805 0.241053 0.000324284
0.8815 0.241269 0.000348607
0.8825 0.24148 0.000397893
0.8835 0.241394 0.000312877
0.8845 0.241562 0.00034389
0.8855 0.241322 0.000317095
0.8865 0.2416 0.000317958
0.8875 0.242067 0.000335283
0.8885 0.242037 0.000422343
0.8895 0.241937 0.00032845
0.8905 0.242179 0.000400225
0.8915 0.242067 0.000346994
0.8925 0.242002 0.000307329
0.8935 0.24226 0.000349421
0.8945 0.242124 0.000309859
0.8955 0.242691 0.000433138
0.8965 0.242097 0.000289141
0.8975 0.242131 0.000330672
0.8985 0.242185 0.000302485
0.8995 0.242341 0.000293946
0.9005 0.242748 0.000388448
0.9015 0.242678 0.000329098
0.9025 0.242811 0.000310625
0.9035 0.242913 0.000316765
0.9045 0.24295 0.000328881
0.9055 0.243128 0.000377051
0.9065 0.242881 0.000317054
0.9075 0.243071 0.000343166
0.9085 0.24293 0.000323509
0.9095 0.24321 0.000404788
0.9105 0.243335 0.0003576
0.9115 0.243427 0.000340291
0.9125 0.243815 0.000386336
0.9135 0.243315 0.000327763
0.9145 0.243437 0.000315891
0.9155 0.2435 0.000301266
0.9165 0.243778 0.000364666
0.9175 0.243709 0.000328083
0.9185 0.243944 0.000292468
0.9195 0.243903 0.000319367
0.9205 0.243922 0.00032144
0.9215 0.244269 0.000398042
0.9225 0.24445 0.000375326
0.9235 0.244102 0.000349478
0.9245 0.244032 0.000339421
0.9255 0.243992 0.000320621
0.9265 0.244227 0.000331079
0.9275 0.244519 0.000402499
0.9285 0.244508 0.000372711
0.9295 0.24451 0.000324164
0.9305 0.244792 0.000393743
0.9315 0.244549 0.000353293
0.9325 0.244377 0.000337436
0.9335 0.244593 0.000362669
0.9345 0.244472 0.000370875
0.9355 0.244825 0.000365655
0.9365 0.24486 0.000363116
0.9375 0.24459 0.000335877
0.9385 0.244367 0.000312433
0.9395 0.245212 0.000430435
0.9405 0.245021 0.000411564
0.9415 0.244903 0.000360221
0.9425 0.244467 0.000288315
0.9435 0.244881 0.000387325
0.9445 0.244967 0.000344842
0.9455 0.245396 0.000392243
0.9465 0.245024 0.000332528
0.9475 0.24486 0.000321107
0.9485 0.245153 0.000388531
0.9495 0.244889 0.000369489
0.9505 0.245189 0.000391426
0.9515 0.245254 0.000366094
0.9525 0.245434 0.000361914
0.9535 0.245697 0.000372608
0.9545 0.245227 0.000327178
0.9555 0.245037 0.000366914
0.9565 0.24549 0.000456743
0.9575 0.245656 0.000370174
0.9585 0.245545 0.000346456
0.9595 0.246045 0.000395924
0.9605 0.245956 0.000337473
0.9615 0.245879 0.000353605
0.9625 0.246257 0.000343526
0.9635 0.246171 0.000342462
0.9645 0.246541 0.000404229
0.9655 0.246181 0.000349874
0.9665 0.246332 0.000399814
0.9675 0.24639 0.000381564
0.9685 0.246793 0.000407067
0.9695 0.246566 0.000412394
0.9705 0.246727 0.000342495
0.9715 0.246888 0.000350873
0.9725 0.246894 0.000332161
0.9735 0.247196 0.000378775
0.9745 0.247202 0.000377719
0.9755 0.246915 0.000342823
0.9765 0.247355 0.000431239
0.9775 0.247553 0.000452172
0.9785 0.247183 0.000377543
0.9795 0.246993 0.000358969
0.9805 0.247284 0.000409629
0.9815 0.246608 0.000289682
0.9825 0.247467 0.000375632
0.9835 0.247587 0.000411487
0.9845 0.247448 0.000398367
0.9855 0.247219 0.000350204
0.9865 0.247776 0.000378992
0.9875 0.247838 0.000453866
0.9885 0.247465 0.00038066
0.9895 0.247504 0.00037386
0.9905 0.247283 0.00034774
0.9915 0.247277 0.00033148
0.9925 0.247454 0.000310749
0.9935 0.247651 0.000351528
0.9945 0.247534 0.000358689
0.9955 0.24816 0.000395227
0.9965 0.247794 0.000356504
0.9975 0.248025 0.000384015
0.9985 0.247862 0.000382475
0.9995 0.247681 0.000276913
1.0005 0.248219 0.000391545
1.0015 0.247916 0.00028759
1.0025 0.247907 0.000268681
1.0035 0.248458 0.000397466
1.0045 0.24852 0.000353191
1.0055 0.248666 0.000425783
1.0065 0.248607 0.000396238
1.0075 0.248972 0.000356809
1.0085 0.248897 0.000393203
1.0095 0.248568 0.000315409
1.0105 0.248754 0.000358334
1.0115 0.249076 0.000420231
1.0125 0.248944 0.00034209
1.0135 0.249255 0.000318941
1.0145 0.249309 0.00034181
1.0155 0.248818 0.00030341
1.0165 0.249136 0.000357785
1.0175 0.249665 0.000415712
1.0185 0.249201 0.000378677
1.0195 0.249259 0.000380521
1.0205 0.249155 0.000344887
1.0215 0.249176 0.000342295
1.0225 0.249512 0.000414443
1.0235 0.249416 0.000400203
1.0245 0.24956 0.000393558
1.0255 0.249796 0.000374247
1.0265 0.249618 0.000349052
1.0275 0.249473 0.000343224
1.0285 0.249627 0.0003179
1.0295 0.249859 0.000393777
1.0305 0.250297 0.000406518
1.0315 0.249725 0.000318617
1.0325 0.249842 0.000438481
1.0335 0.249806 0.000345768
1.0345 0.249606 0.000265765
1.0355 0.250004 0.000331802
1.0365 0.250241 0.000365746
1.0375 0.250298 0.000303769
1.0385 0.250273 0.00042681
1.0395 0.250492 0.000380392
1.0405 0.250044 0.000331017
1.0415 0.250204 0.000359936
1.0425 0.250459 0.000378506
1.0435 0.250409 0.000350133
1.0445 0.25087 0.000413788
1.0455 0.250749 0.000360005
1.0465 0.250935 0.000383781
1.0475 0.251399 0.000456131
1.0485 0.251096 0.000327693
1.0495 0.251053 0.000378596
1.0505 0.251566 0.000369993
1.0515 0.251133 0.000332864
1.0525 0.251269 0.000286113
1.0535 0.251514 0.000355151
1.0545 0.251555 0.000369778
1.0555 0.251518 0.000419737
1.0565 0.25109 0.000329849
1.0575 0.251199 0.000331783
1.0585 0.251073 0.00033095
1.0595 0.251306 0.000342685
1.0605 0.25133 0.000345771
1.0615 0.251109 0.000295955
1.0625 0.251071 0.000294199
1.0635 0.251576 0.000387532
1.0645 0.251672 0.000333628
1.0655 0.252057 0.000407096
1.0665 0.251863 0.000303325
1.0675 0.252046 0.000368267
1.0685 0.251975 0.000306802
1.0695 0.2526 0.000396977
1.0705 0.252278 0.000331018
1.0715 0.252162 0.00037997
1.0725 0.25228 0.000352521
1.0735 0.252163 0.000337251
1.0745 0.252047 0.000332404
1.0755 0.252311 0.000361471
1.0765 0.252506 0.000446026
1.0775 0.2527 0.000404135
1.0785 0.252886 0.000417668
1.0795 0.252432 0.000343679
1.0805 0.252995 0.000441727
1.0815 0.252494 0.000333356
1.0825 0.25278 0.000344953
1.0835 0.252475 0.000316358
1.0845 0.252707 0.000341822
1.0855 0.25269 0.000387895
1.0865 0.252567 0.000338866
1.0875 0.252343 0.000290595
1.0885 0.253005 0.000354201
1.0895 0.252906 0.00031167
1.0905 0.252959 0.000293693
1.0915 0.253538 0.000396116
1.0925 0.253509 0.000407855
1.0935 0.253104 0.000247182
1.0945 0.253636 0.000369876
1.0955 0.253328 0.000317087
1.0965 0.253724 0.000377337
1.0975 0.253396 0.00031221
1.0985 0.253706 0.000309256
1.0995 0.253613 0.000373959
1.1005 0.253517 0.000299128
1.1015 0.253564 0.000337572
1.1025 0.253678 0.000302596
1.1035 0.254307 0.000356603
1.1045 0.254228 0.000336566
1.1055 0.254363 0.000330844
1.1065 0.253953 0.000296354
1.1075 0.254101 0.000294701
1.1085 0.254192 0.000342292
1.1095 0.254462 0.000336239
1.1105 0.254744 0.000412166
1.1115 0.254594 0.000366707
1.1125 0.254665 0.000374395
1.1135 0.254914 0.000328102
1.1145 0.254885 0.00035853
1.1155 0.255161 0.000404034
1.1165 0.255043 0.000331799
1.1175 0.254859 0.000329053
1.1185 0.254814 0.000320777
1.1195 0.255164 0.000321169
1.1205 0.255228 0.000339491
1.1215 0.255517 0.000387221
1.1225 0.255268 0.000338323
1.1235 0.255667 0.00037435
1.1245 0.255636 0.000384947
1.1255 0.255512 0.000340082
1.1265 0.255609 0.000319976
1.1275 0.25529 0.000334076
1.1285 0.255611 0.000312282
1.1295 0.255855 0.000346066
1.1305 0.255582 0.000327286
1.1315 0.255485 0.000285607
1.1325 0.255582 0.000280472
1.1335 0.256195 0.000372058
1.1345 0.25665 0.000373776
1.1355 0.256793 0.000378868
1.1365 0.256306 0.000373695
1.1375 0.256181 0.000315876
1.1385 0.256588 0.000361822
1.1395 0.256611 0.00037567
1.1405 0.256306 0.000287207
1.1415 0.256269 0.000265546
1.1425 0.256602 0.000354355
1.1435 0.256675 0.000349621
1.1445 0.256642 0.000354881
1.1455 0.256546 0.000337993
1.1465 0.256637 0.000285872
1.1475 0.256827 0.000375494
1.1485 0.25696 0.000336635
1.1495 0.257075 0.000301255
1.1505 0.257002 0.00035515
1.1515 0.25704 0.000371167
1.1525 0.256674 0.000340238
1.1535 0.256956 0.000324164
1.1545 0.257427 0.000406172
1.1555 0.257467 0.00044589
1.1565 0.257695 0.000400348
1.1575 0.257016 0.000335542
1.1585 0.25716 0.000314251
1.1595 0.257404 0.000383154
1.1605 0.257276 0.000307205
1.1615 0.258062 0.000425259
1.1625 0.25801 0.000372339
1.1635 0.258028 0.000406044
1.1645 0.258077 0.000411524
1.1655 0.258597 0.000446101
1.1665 0.258148 0.000360462
1.1675 0.258348 0.000355168
1.1685 0.258732 0.000447866
1.1695 0.258366 0.000367419
1.1705 0.258245 0.000393043
1.1715 0.258065 0.000310967
1.1725 0.258125 0.000378667
1.1735 0.257891 0.000320934
1.1745 0.258014 0.000316687
1.1755 0.258083 0.000336161
1.1765 0.258797 0.000401532
1.1775 0.258623 0.000402206
1.1785 0.258414 0.000306103
1.1795 0.258384 0.000333109
1.1805 0.258585 0.000328471
1.1815 0.258542 0.00032791
1.1825 0.258814 0.000351234
1.1835 0.259032 0.000407049
1.1845 0.259113 0.000434785
1.1855 0.258682 0.000296697
1.1865 0.258647 0.000310884
1.1875 0.258998 0.000362827
1.1885 0.259279 0.000393938
1.1895 0.259357 0.000383754
1.1905 0.25923 0.000330736
1.1915 0.259481 0.000373766
1.1925 0.259082 0.000305177
1.1935 0.25911 0.000329571
1.1945 0.259469 0.000348863
1.1955 0.259617 0.000328779
1.1965 0.260238 0.000481188
1.1975 0.260148 0.000404791
1.1985 0.26009 0.000384251
1.1995 0.260325 0.000368802
1.2005 0.259725 0.00029648
1.2015 0.259853 0.000271713
1.2025 0.259984 0.000365215
1.2035 0.25996 0.000299084
1.2045 0.260655 0.000409827
1.2055 0.260122 0.000371818
1.2065 0.260538 0.000423396
1.2075 0.260924 0.000452409
1.2085 0.260941 0.00041868
1.2095 0.260776 0.00041769
1.2105 0.260702 0.000339494
1.2115 0.26064 0.000416792
1.2125 0.26057 0.000373611
1.2135 0.260495 0.000308549
1.2145 0.261028 0.000374015
1.2155 0.26078 0.00037488
1.2165 0.260804 0.000308351
1.2175 0.260806 0.000377966
1.2185 0.26085 0.000332485
1.2195 0.261557 0.000428807
1.2205 0.261549 0.000384842
1.2215 0.261298 0.000357525
1.2225 0.261387 0.000289669
1.2235 0.26148 0.000334761
1.2245 0.261403 0.000322157
1.2255 0.261939 0.000381282
1.2265 0.262097 0.000376022
1.2275 0.261764 0.000355118
1.2285 0.261432 0.000314442
1.2295 0.261705 0.000388134
1.2305 0.26203 0.000373531
1.2315 0.262207 0.000358834
1.2325 0.261819 0.000282982
1.2335 0.261929 0.000302452
1.2345 0.26247 0.000386383
1.2355 0.26258 0.000406583
1.2365 0.26288 0.000402865
1.2375 0.262655 0.000314086
1.2385 0.263008 0.000382263
1.2395 0.262642 0.000400344
1.2405 0.262812 0.000348435
1.2415 0.263043 0.000457247
1.2425 0.262606 0.000333689
1.2435 0.262818 0.000357675
1.2445 0.262943 0.000373537
1.2455 0.262988 0.000346363
1.2465 0.262931 0.000345594
1.2475 0.263219 0.000369754
1.2485 0.2631 0.00036281
1.2495 0.26331 0.000344496
1.2505 0.263302 0.000317599
1.2515 0.263494 0.000350463
1.2525 0.263325 0.000298263
1.2535 0.263254 0.000282261
1.2545 0.263814 0.000383417
1.2555 0.264217 0.000400949
1.2565 0.264576 0.000406588
1.2575 0.264894 0.000446469
1.2585 0.264444 0.000403284
1.2595 0.264351 0.000378558
1.2605 0.263954 0.000303502
1.2615 0.264197 0.000361911
1.2625 0.26465 0.000387229
1.2635 0.264731 0.000327124
1.2645 0.264773 0.00037164
1.2655 0.264812 0.000389207
1.2665 0.26484 0.000365897
1.2675 0.265463 0.000490519
1.2685 0.264914 0.000423493
1.2695 0.26482 0.00036508
1.2705 0.264941 0.000375615
1.2715 0.265103 0.000424202
1.2725 0.264969 0.000377307
1.2735 0.264723 0.00029805
1.2745 0.264908 0.000356558
1.2755 0.265018 0.000330464
1.2765 0.265544 0.000561188
1.2775 0.265043 0.000335378
1.2785 0.265481 0.000390733
1.2795 0.265398 0.000349928
1.2805 0.26571 0.000381556
1.2815 0.265115 0.00029926
1.2825 0.265663 0.000365137
1.2835 0.265771 0.000393784
1.2845 0.266206 0.000385895
1.2855 0.265658 0.000341655
1.2865 0.265878 0.000374383
1.2875 0.266052 0.000417358
1.2885 0.266282 0.000389528
1.2895 0.265981 0.000359714
1.2905 0.266276 0.000341306
1.2915 0.265948 0.000297582
1.2925 0.266635 0.000384979
1.2935 0.266724 0.000344718
1.2945 0.266815 0.000353985
1.2955 0.266667 0.000316463
1.2965 0.267171 0.000370598
1.2975 0.267436 0.000501029
1.2985 0.266809 0.000350253
1.2995 0.266991 0.00034761
1.3005 0.267113 0.000369081
1.3015 0.267301 0.000355924
1.3025 0.267332 0.000368295
1.3035 0.267904 0.000455941
1.3045 0.26793 0.000418891
1.3055 0.267652 0.000380767
1.3065 0.267653 0.000354621
1.3075 0.267488 0.00037492
1.3085 0.267621 0.000342502
1.3095 0.267857 0.000377468
1.3105 0.267965 0.000366092
1.3115 0.26791 0.000335533
1.3125 0.267673 0.000356946
1.3135 0.267768 0.000287695
1.3145 0.26814 0.000346132
1.3155 0.268426 0.000344402
1.3165 0.269118 0.000429101
1.3175 0.268382 0.000298111
1.3185 0.267982 0.000262353
1.3195 0.268693 0.000380016
1.3205 0.2686 0.000387595
1.3215 0.268359 0.000293563
1.3225 0.268496 0.000349071
1.3235 0.268747 0.000316922
1.3245 0.268629 0.000291133
1.3255 0.268653 0.000344808
1.3265 0.26918 0.000378751
1.3275 0.269116 0.00036207
1.3285 0.269434 0.000349373
1.3295 0.269016 0.000284987
1.3305 0.269274 0.000353963
1.3315 0.269052 0.000335114
1.3325 0.26945 0.000354746
1.3335 0.270273 0.000375835
1.3345 0.27023 0.0004328
1.3355 0.269891 0.000333763
1.3365 0.270432 0.000429484
1.3375 0.270347 0.000393475
1.3385 0.270294 0.000365103
1.3395 0.270041 0.000345612
1.3405 0.269728 0.000286292
1.3415 0.270218 0.00036364
1.3425 0.27019 0.000398113
1.3435 0.270078 0.000302067
1.3445 0.270244 0.000343683
1.3455 0.270164 0.000306554
1.3465 0.270096 0.00030307
1.3475 0.270369 0.000345746
1.3485 0.270161 0.00029188
1.3495 0.270638 0.000338853
1.3505 0.270942 0.000390464
1.3515 0.271682 0.000540588
1.3525 0.271455 0.000417335
1.3535 0.271301 0.000426871
1.3545 0.271306 0.000380806
1.3555 0.271215 0.000359344
1.3565 0.271637 0.000407006
1.3575 0.271437 0.000335228
1.3585 0.271382 0.000354456
1.3595 0.271716 0.00037704
1.3605 0.272347 0.000449064
1.3615 0.27169 0.000398104
1.3625 0.271824 0.000401299
1.3635 0.271229 0.000324576
1.3645 0.271367 0.000384618
1.3655 0.271811 0.00044234
1.3665 0.272019 0.000379916
1.3675 0.272124 0.00045011
1.3685 0.272287 0.000413519
1.3695 0.272609 0.000496112
1.3705 0.272268 0.000337414
1.3715 0.2718 0.000318909
1.3725 0.272207 0.000341831
1.3735 0.272372 0.000353332
1.3745 0.272727 0.000379306
1.3755 0.272875 0.000393507
1.3765 0.272782 0.000404927
1.3775 0.272524 0.000361745
1.3785 0.272922 0.000383913
1.3795 0.272528 0.000326026
1.3805 0.272701 0.000336013
1.3815 0.273154 0.00039323
1.3825 0.273156 0.00036477
1.3835 0.273218 0.000413816
1.3845 0.273213 0.000357949
1.3855 0.273261 0.000353573
1.3865 0.273477 0.000386272
1.3875 0.273208 0.00036185
1.3885 0.273543 0.000392039
1.3895 0.273372 0.000296339
1.3905 0.273804 0.0003575
1.3915 0.274466 0.000399221
1.3925 0.27416 0.000420388
1.3935 0.274479 0.000497427
1.3945 0.273932 0.000336942
1.3955 0.273805 0.000350358
1.3965 0.274356 0.000378473
1.3975 0.274399 0.000372084
1.3985 0.275083 0.000469123
1.3995 0.274974 0.000395688
1.4005 0.274658 0.000367485
1.4015 0.275156 0.000415985
1.4025 0.275184 0.000427952
1.4035 0.274868 0.000307413
1.4045 0.275175 0.000421027
1.4055 0.274828 0.000351484
1.4065 0.275536 0.000416866
1.4075 0.275406 0.000444258
1.4085 0.275731 0.00047432
1.4095 0.275912 0.000400043
1.4105 0.276015 0.000546923
1.4115 0.275762 0.000399231
1.4125 0.275885 0.000384194
1.4135 0.275779 0.000351305
1.4145 0.27578 0.000415904
1.4155 0.275855 0.000312435
1.4165 0.276419 0.000383667
1.4175 0.275735 0.000395081
1.4185 0.276413 0.000430954
1.4195 0.276463 0.000400214
1.4205 0.276741 0.000431332
1.4215 0.276661 0.000388782
1.4225 0.276262 0.000328082
1.4235 0.277048 0.000426029
1.4245 0.276546 0.000344991
1.4255 0.27662 0.000358207
1.4265 0.27667 0.00032895
1.4275 0.277356 0.00040458
1.4285 0.277483 0.000421521
1.4295 0.277175 0.000365697
1.4305 0.27749 0.000404514
1.4315 0.277506 0.000348584
1.4325 0.277016 0.000339002
1.4335 0.277025 0.00037376
1.4345 0.277129 0.000362815
1.4355 0.277243 0.000386867
1.4365 0.277264 0.000331488
1.4375 0.277446 0.000392391
1.4385 0.277803 0.000360933
1.4395 0.277819 0.000355365
1.4405 0.278387 0.000410764
1.4415 0.277898 0.000407948
1.4425 0.278174 0.00041937
1.4435 0.277727 0.000323437
1.4445 0.278043 0.000373317
1.4455 0.278195 0.000365146
1.4465 0.278397 0.000330689
1.4475 0.278629 0.000354105
1.4485 0.278759 0.00040018
1.4495 0.27835 0.00032782
1.4505 0.279027 0.000399077
1.4515 0.27868 0.000390794
1.4525 0.278915 0.000391331
1.4535 0.279046 0.000380611
1.4545 0.279201 0.00041462
1.4555 0.279281 0.000445671
1.4565 0.278843 0.000271388
1.4575 0.279236 0.000368361
1.4585 0.279369 0.00032133
1.4595 0.279671 0.000425109
1.4605 0.279473 0.000342449
1.4615 0.279212 0.000334016
1.4625 0.279446 0.000327023
1.4635 0.280103 0.000406794
1.4645 0.280546 0.00042084
1.4655 0.280531 0.000411315
1.4665 0.280203 0.000421366
1.4675 0.279958 0.000353913
1.4685 0.280581 0.000394469
1.4695 0.28006 0.000331991
1.4705 0.280795 0.000442624
1.4715 0.281033 0.000481078
1.4725 0.280664 0.000375518
1.4735 0.280706 0.00032486
1.4745 0.281615 0.000479662
1.4755 0.281123 0.000369757
1.4765 0.281165 0.00039087
1.4775 0.281053 0.000394363
1.4785 0.281157 0.000419366
1.4795 0.28115 0.000387656
1.4805 0.281628 0.000426621
1.4815 0.281843 0.000464379
1.4825 0.281471 0.000395788
1.4835 0.281972 0.000469225
1.4845 0.281738 0.000363663
1.4855 0.281535 0.000317058
1.4865 0.281987 0.00034763
1.4875 0.282227 0.000377469
1.4885 0.281796 0.000327259
1.4895 0.28228 0.000397527
1.4905 0.282106 0.00036935
1.4915 0.282252 0.000402213
1.4925 0.282204 0.000353603
1.4935 0.282775 0.000399875
1.4945 0.282801 0.000348828
1.4955 0.283178 0.000431329
1.4965 0.2828 0.000391634
1.4975 0.283179 0.000394163
1.4985 0.282942 0.000369655
1.4995 0.283193 0.000359033
1.5005 0.283498 0.000375454
1.5015 0.283497 0.000404355
1.5025 0.283425 0.000403804
1.5035 0.283593 0.000405322
1.5045 0.283692 0.000426099
1.5055 0.283196 0.000324765
1.5065 0.28319 0.000330554
1.5075 0.283293 0.000336507
1.5085 0.283748 0.000400146
1.5095 0.283904 0.000388576
1.5105 0.283772 0.000303944
1.5115 0.284113 0.000327132
1.5125 0.28462 0.00040299
1.5135 0.28431 0.000347054
1.5145 0.284341 0.000364987
1.5155 0.284508 0.000365014
1.5165 0.284384 0.000352191
1.5175 0.284711 0.00037339
1.5185 0.28431 0.000342541
1.5195 0.284553 0.000339098
1.5205 0.285042 0.000364703
1.5215 0.284973 0.000370222
1.5225 0.285319 0.000420947
1.5235 0.285057 0.000356971
1.5245 0.285225 0.000359787
1.5255 0.285226 0.000321692
1.5265 0.285378 0.000333572
1.5275 0.285229 0.000339321
1.5285 0.285074 0.000334527
1.5295 0.285375 0.000398754
1.5305 0.285811 0.000389388
1.5315 0.285466 0.000353293
1.5325 0.285575 0.000396186
1.5335 0.285496 0.000291055
1.5345 0.2859 0.000367413
1.5355 0.286281 0.00041376
1.5365 0.286276 0.000434603
1.5375 0.286567 0.000411922
1.5385 0.286199 0.000362596
1.5395 0.28629 0.000378599
1.5405 0.286344 0.000310269
1.5415 0.286452 0.000331838
1.5425 0.286392 0.000329605
1.5435 0.286744 0.000392888
1.5445 0.286673 0.000360881
1.5455 0.287103 0.000382025
1.5465 0.287217 0.000387073
1.5475 0.287285 0.000370674
1.5485 0.287716 0.000451006
1.5495 0.287344 0.000382052
1.5505 0.287923 0.000437714
1.5515 0.287939 0.000416584
1.5525 0.287788 0.000361383
1.5535 0.287371 0.000283761
1.5545 0.288174 0.000491434
1.5555 0.287597 0.000341456
1.5565 0.288123 0.000311134
1.5575 0.287907 0.000345158
1.5585 0.28796 0.000339341
1.5595 0.288021 0.000349402
1.5605 0.288241 0.000413633
1.5615 0.288028 0.000353434
1.5625 0.288296 0.000349212
1.5635 0.288316 0.000344771
1.5645 0.28834 0.000361162
1.5655 0.288398 0.000320289
1.5665 0.288774 0.000335335
1.5675 0.289034 0.000358714
1.5685 0.289525 0.000364401
1.5695 0.289442 0.000386517
1.5705 0.289311 0.000371082
1.5715 0.289486 0.000392443
1.5725 0.289298 0.00033037
1.5735 0.289445 0.000357648
1.5745 0.289425 0.000328586
1.5755 0.28976 0.000344761
1.5765 0.290125 0.00044533
1.5775 0.289886 0.000398291
1.5785 0.290304 0.000401989
1.5795 0.290385 0.000381048
1.5805 0.290211 0.000317424
1.5815 0.290376 0.000389258
1.5825 0.29037 0.000356181
1.5835 0.290714 0.000365346
1.5845 0.291111 0.000403241
1.5855 0.291283 0.000396908
1.5865 0.291462 0.000425799
1.5875 0.290961 0.000385223
1.5885 0.291116 0.000397078
1.5895 0.290886 0.000310745
1.5905 0.290801 0.000330182
1.5915 0.291475 0.000355917
1.5925 0.291187 0.00038081
1.5935 0.291195 0.000381457
1.5945 0.291562 0.000420971
1.5955 0.291233 0.000383412
1.5965 0.291624 0.000427181
1.5975 0.291314 0.000329182
1.5985 0.291773 0.000409695
1.5995 0.291878 0.000361098
1.6005 0.292277 0.000471259
1.6015 0.29232 0.000442959
1.6025 0.292073 0.000371945
1.6035 0.292229 0.000398957
1.6045 0.292384 0.000384847
1.6055 0.292764 0.000446765
1.6065 0.292393 0.000375771
1.6075 0.292593 0.000328657
1.6085 0.293112 0.000439005
1.6095 0.292318 0.000341576
1.6105 0.292385 0.000373952
1.6115 0.293119 0.000414731
1.6125 0.2934 0.000386221
1.6135 0.293797 0.000416677
1.6145 0.29359 0.000393243
1.6155 0.293139 0.000310608
1.6165 0.293423 0.000372378
1.6175 0.293624 0.00040082
1.6185 0.294298 0.000428376
1.6195 0.29462 0.000407747
1.6205 0.294301 0.000473309
1.6215 0.294306 0.000410975
1.6225 0.294414 0.000440305
1.6235 0.294372 0.000387667
1.6245 0.294328 0.00039474
1.6255 0.294905 0.000401567
1.6265 0.294728 0.000371783
1.6275 0.294769 0.000376873
1.6285 0.294779 0.000410414
1.6295 0.295093 0.000393172
1.6305 0.294994 0.000375603
1.6315 0.295116 0.00037585
1.6325 0.295183 0.000405347
1.6335 0.295088 0.000361468
1.6345 0.295378 0.000347109
1.6355 0.29543 0.000367638
1.6365 0.295865 0.000547807
1.6375 0.295641 0.000375693
1.6385 0.296338 0.000443536
1.6395 0.296761 0.000506537
1.6405 0.296561 0.000453523
1.6415 0.29623 0.000390579
1.6425 0.296502 0.000422245
1.6435 0.296269 0.000377804
1.6445 0.296678 0.000345179
1.6455 0.296668 0.00034432
1.6465 0.29657 0.000323313
1.6475 0.296619 0.00032358
1.6485 0.29719 0.000361816
1.6495 0.297679 0.000389421
1.6505 0.297783 0.000339443
1.6515 0.297857 0.000340112
1.6525 0.298152 0.000489164
1.6535 0.297847 0.000380793
1.6545 0.298267 0.000419274
1.6555 0.297982 0.000382141
1.6565 0.297955 0.000436441
1.6575 0.298389 0.000519016
1.6585 0.298524 0.000432807
1.6595 0.298808 0.000440287
1.6605 0.298875 0.000509338
1.6615 0.29834 0.000356321
1.6625 0.299079 0.00045481
1.6635 0.298509 0.000395976
1.6645 0.298777 0.00038749
1.6655 0.299411 0.000463321
1.6665 0.299589 0.000426339
1.6675 0.299553 0.000446072
1.6685 0.299702 0.000420816
1.6695 0.299605 0.000357549
1.6705 0.299582 0.00034071
1.6715 0.29962 0.000372893
1.6725 0.299821 0.000444077
1.6735 0.299814 0.000408456
1.6745 0.299414 0.000337519
1.6755 0.29967 0.000349273
1.6765 0.300007 0.000385725
1.6775 0.300073 0.000411962
1.6785 0.300097 0.000374803
1.6795 0.300203 0.000420424
1.6805 0.300435 0.000468084
1.6815 0.300684 0.000425134
1.6825 0.300688 0.000385548
1.6835 0.300479 0.000408237
1.6845 0.300586 0.000372808
1.6855 0.301099 0.000377598
1.6865 0.301338 0.000353335
1.6875 0.301641 0.000414431
1.6885 0.301523 0.00042238
1.6895 0.301659 0.000373691
1.6905 0.30234 0.000488568
1.6915 0.301219 0.000313904
1.6925 0.301137 0.000308816
1.6935 0.301435 0.00032576
1.6945 0.301382 0.00034563
1.6955 0.301485 0.000323025
1.6965 0.30184 0.00034211
1.6975 0.302005 0.000385713
1.6985 0.302342 0.000386883
1.6995 0.302383 0.000373218
1.7005 0.302584 0.000358517
1.7015 0.302832 0.000416196
1.7025 0.302773 0.000368072
1.7035 0.303117 0.00050754
1.7045 0.302603 0.000325444
1.7055 0.303312 0.000378989
1.7065 0.303804 0.000434352
1.7075 0.303636 0.000402199
1.7085 0.303828 0.000428336
1.7095 0.303596 0.000381317
1.7105 0.303712 0.000385671
1.7115 0.303579 0.000358857
1.7125 0.303524 0.000356506
1.7135 0.303611 0.000334373
1.7145 0.304058 0.00035609
1.7155 0.303833 0.000297434
1.7165 0.304463 0.000344497
1.7175 0.304728 0.000350964
1.7185 0.304833 0.000381345
1.7195 0.304819 0.000388602
1.7205 0.304333 0.000286653
1.7215 0.304888 0.000368853
1.7225 0.305121 0.000373737
1.7235 0.304887 0.000322481
1.7245 0.305038 0.00032662
1.7255 0.304964 0.000352053
1.7265 0.305472 0.000421306
1.7275 0.305713 0.000439596
1.7285 0.305477 0.000357331
1.7295 0.305682 0.000404896
1.7305 0.306071 0.000419518
1.7315 0.305983 0.000400561
1.7325 0.306188 0.000391712
1.7335 0.306444 0.000395365
1.7345 0.306757 0.000397312
1.7355 0.306565 0.000374005
1.7365 0.306811 0.000426803
1.7375 0.306891 0.00052723
1.7385 0.306463 0.000299064
1.7395 0.306856 0.000350999
1.7405 0.306849 0.000368947
1.7415 0.307109 0.000350407
1.7425 0.307702 0.000387226
1.7435 0.307873 0.000368925
1.7445 0.307787 0.000362754
1.7455 0.307964 0.000401987
1.7465 0.308254 0.000453887
1.7475 0.308133 0.000459149
1.7485 0.307757 0.000326919
1.7495 0.307946 0.00041937
1.7505 0.307864 0.000367911
1.7515 0.308577 0.000410613
1.7525 0.308513 0.000343397
1.7535 0.30877 0.000381616
1.7545 0.308879 0.000372779
1.7555 0.308523 0.000346039
1.7565 0.309373 0.000466207
1.7575 0.309618 0.000497429
1.7585 0.309444 0.000419908
1.7595 0.309818 0.000409281
1.7605 0.309907 0.000466281
1.7615 0.309814 0.000428472
1.7625 0.309948 0.000399963
1.7635 0.309667 0.000348598
1.7645 0.309947 0.000494226
1.7655 0.31051 0.000454912
1.7665 0.310265 0.000361434
1.7675 0.310566 0.00043731
1.7685 0.310166 0.000400646
1.7695 0.31061 0.000442628
1.7705 0.31016 0.00038842
1.7715 0.310528 0.000339372
1.7725 0.310593 0.000399746
1.7735 0.310568 0.00035233
1.7745 0.310639 0.00037395
1.7755 0.310959 0.000392023
1.7765 0.311314 0.000417985
1.7775 0.31086 0.000346351
1.7785 0.31111 0.000336003
1.7795 0.311271 0.000336978
1.7805 0.3114 0.000330337
1.7815 0.311307 0.000311894
1.7825 0.311781 0.000343517
1.7835 0.311876 0.000319994
1.7845 0.31182 0.000327353
1.7855 0.312626 0.000422943
1.7865 0.312679 0.000398789
1.7875 0.312311 0.000333242
1.7885 0.312575 0.000362725
1.7895 0.313178 0.000409148
1.7905 0.313724 0.000420984
1.7915 0.313823 0.000393769
1.7925 0.313584 0.000366218
1.7935 0.313603 0.000394256
1.7945 0.314069 0.000361367
1.7955 0.313809 0.00033158
1.7965 0.313833 0.000354503
1.7975 0.313617 0.000344277
1.7985 0.314253 0.000441282
1.7995 0.314174 0.000466007
1.8005 0.313888 0.00035438
1.8015 0.314715 0.000429061
1.8025 0.315257 0.000436513
1.8035 0.314385 0.00033539
1.8045 0.314759 0.000328548
1.8055 0.315128 0.000340124
1.8065 0.31478 0.000314636
1.8075 0.315113 0.000395838
1.8085 0.315219 0.000392738
1.8095 0.315475 0.000409075
1.8105 0.315578 0.000418148
1.8115 0.315445 0.000378304
1.8125 0.315805 0.000400671
1.8135 0.316061 0.000419547
1.8145 0.316598 0.000452133
1.8155 0.316633 0.000434353
1.8165 0.316363 0.000410746
1.8175 0.31648 0.000374059
1.8185 0.316599 0.000380245
1.8195 0.316688 0.000432179
1.8205 0.316506 0.000370763
1.8215 0.316705 0.000377526
1.8225 0.316613 0.000333345
1.8235 0.317758 0.000442721
1.8245 0.317826 0.000418098
1.8255 0.318208 0.000447803
1.8265 0.31787 0.000407645
1.8275 0.317395 0.000360156
1.8285 0.317589 0.000379028
1.8295 0.318352 0.000420601
1.8305 0.318146 0.000377111
1.8315 0.318508 0.000478114
1.8325 0.318537 0.000444121
1.8335 0.318521 0.000398819
1.8345 0.318461 0.000416983
1.8355 0.318568 0.000414289
1.8365 0.319791 0.000425925
1.8375 0.319731 0.000397174
1.8385 0.319497 0.000388733
1.8395 0.319927 0.000419438
1.8405 0.320074 0.000425075
1.8415 0.319519 0.000344276
1.8425 0.320062 0.000390678
1.8435 0.320694 0.000471547
1.8445 0.320467 0.000402281
1.8455 0.320267 0.000338689
1.8465 0.320737 0.000390425
1.8475 0.321058 0.000476042
1.8485 0.320471 0.00035198
1.8495 0.32109 0.000384401
1.8505 0.321495 0.000470825
1.8515 0.321389 0.000432986
1.8525 0.321387 0.000353574
1.8535 0.321742 0.000385568
1.8545 0.32123 0.00035148
1.8555 0.321521 0.000453339
1.8565 0.321698 0.000385582
1.8575 0.32214 0.000414387
1.8585 0.321786 0.000366897
1.8595 0.32176 0.000334915
1.8605 0.321977 0.000369023
1.8615 0.322463 0.000428525
1.8625 0.32343 0.000536129
1.8635 0.322841 0.000476167
1.8645 0.322788 0.000523924
1.8655 0.322977 0.000425896
1.8665 0.323126 0.000367975
1.8675 0.323329 0.000410054
1.8685 0.323187 0.000401989
1.8695 0.323337 0.000362651
1.8705 0.323614 0.000408437
1.8715 0.323327 0.000360617
1.8725 0.323354 0.000364034
1.8735 0.324553 0.000417075
1.8745 0.324529 0.000466455
1.8755 0.32464 0.000487119
1.8765 0.324868 0.000414897
1.8775 0.32482 0.000447584
1.8785 0.32476 0.000366041
1.8795 0.325038 0.000390633
1.8805 0.324989 0.000519044
1.8815 0.324914 0.000360068
1.8825 0.32509 0.000435368
1.8835 0.325342 0.000388994
1.8845 0.325698 0.000413704
1.8855 0.325716 0.000440496
1.8865 0.32612 0.000408974
1.8875 0.325734 0.000360073
1.8885 0.326511 0.000452949
1.8895 0.326376 0.0003713
1.8905 0.326421 0.000388386
1.8915 0.326541 0.000409023
1.8925 0.326653 0.000367945
1.8935 0.326826 0.000376334
1.8945 0.327141 0.000389948
1.8955 0.326755 0.000318709
1.8965 0.32773 0.000428029
1.8975 0.327776 0.000375222
1.8985 0.327637 0.000412419
1.8995 0.327734 0.000387353
1.9005 0.328392 0.000425394
1.9015 0.328426 0.000514798
1.9025 0.328664 0.00043737
1.9035 0.328463 0.000401967
1.9045 0.32868 0.000415634
1.9055 0.328948 0.000481548
1.9065 0.328783 0.00037254
1.9075 0.329496 0.000482432
1.9085 0.329262 0.000422219
1.9095 0.329729 0.000353397
1.9105 0.330343 0.000490262
1.9115 0.329538 0.000407107
1.9125 0.329368 0.00031475
1.9135 0.330253 0.000419306
1.9145 0.330026 0.000392563
1.9155 0.329963 0.00035479
1.9165 0.33016 0.000385752
1.9175 0.330329 0.000393892
1.9185 0.330156 0.000369135
1.9195 0.330559 0.000366964
1.9205 0.330906 0.000424924
1.9215 0.330978 0.000373236
1.9225 0.331594 0.000480628
1.9235 0.331017 0.000376165
1.9245 0.331375 0.000387295
1.9255 0.331384 0.000336299
1.9265 0.331839 0.000395156
1.9275 0.332119 0.000421603
1.9285 0.332472 0.000406647
1.9295 0.332859 0.000484568
1.9305 0.332434 0.000393944
1.9315 0.332548 0.000378184
1.9325 0.332705 0.000358247
1.9335 0.332967 0.000400396
1.9345 0.33265 0.000338592
1.9355 0.332792 0.000349794
1.9365 0.333057 0.000345166
1.9375 0.333319 0.000375107
1.9385 0.333772 0.000452286
1.9395 0.333861 0.000416101
1.9405 0.333846 0.000363441
1.9415 0.334414 0.00047545
1.9425 0.33479 0.0004295
1.9435 0.33436 0.000372756
1.9445 0.335216 0.000464312
1.9455 0.334985 0.000448804
1.9465 0.335133 0.000451109
1.9475 0.334824 0.000366354
1.9485 0.335305 0.000438331
1.9495 0.335801 0.00045748
1.9505 0.335442 0.000338559
1.9515 0.335364 0.000377665
1.9525 0.335969 0.000413187
1.9535 0.335849 0.000396442
1.9545 0.336556 0.000437221
1.9555 0.336371 0.000369762
1.9565 0.336248 0.000372096
1.9575 0.337029 0.000458977
1.9585 0.336696 0.000433888
1.9595 0.337102 0.000418453
1.9605 0.337271 0.000409118
1.9615 0.337402 0.000418947
1.9625 0.337678 0.000401999
1.9635 0.337931 0.000370695
1.9645 0.337677 0.000374559
1.9655 0.337772 0.000367694
1.9665 0.338472 0.000445423
1.9675 0.338788 0.000409766
1.9685 0.339274 0.000512525
1.9695 0.338363 0.000404555
1.9705 0.338459 0.000376651
1.9715 0.338575 0.000368069
1.9725 0.339077 0.00040358
1.9735 0.338995 0.000360693
1.9745 0.339434 0.000441191
1.9755 0.339536 0.000420855
1.9765 0.339371 0.000385983
1.9775 0.3404 0.000416119
1.9785 0.340444 0.000425038
1.9795 0.339968 0.000411332
1.9805 0.340181 0.000424534
1.9815 0.340117 0.000387955
1.9825 0.340545 0.000428585
1.9835 0.340792 0.000409405
1.9845 0.341331 0.000469436
1.9855 0.341152 0.000403922
1.9865 0.341688 0.000395179
1.9875 0.341862 0.000432179
1.9885 0.342032 0.000457574
1.9895 0.342227 0.000409768
1.9905 0.342166 0.000382045
1.9915 0.342325 0.00038003
1.9925 0.342948 0.000475543
1.9935 0.343038 0.000427513
1.9945 0.342811 0.000391868
1.9955 0.343562 0.000480308
1.9965 0.343322 0.000465605
1.9975 0.343309 0.00038667
1.9985 0.343268 0.000355508
1.9995 0.343519 0.000409259
2.0005 0.344216 0.000439949
2.0015 0.343708 0.000363589
2.0025 0.343995 0.000350454
2.0035 0.344447 0.000448377
2.0045 0.344503 0.000379864
2.0055 0.344922 0.000430393
2.0065 0.344932 0.000442679
2.0075 0.344854 0.000379398
2.0085 0.344873 0.000430041
2.0095 0.34542 0.000407257
2.0105 0.345379 0.000410346
2.0115 0.345754 0.000430173
2.0125 0.345454 0.000391313
2.0135 0.34551 0.000362291
2.0145 0.34545 0.000413035
2.0155 0.345682 0.00039001
2.0165 0.346199 0.000425755
2.0175 0.346638 0.000383387
2.0185 0.346591 0.000406224
2.0195 0.346937 0.000399644
2.0205 0.346914 0.000412506
2.0215 0.347157 0.000407148
2.0225 0.347024 0.000343972
2.0235 0.347431 0.000421332
2.0245 0.348067 0.000423401
2.0255 0.348222 0.00042684
2.0265 0.348454 0.000459964
2.0275 0.348085 0.000401128
2.0285 0.348274 0.00042772
2.0295 0.348904 0.000436219
2.0305 0.349608 0.000521565
2.0315 0.348862 0.000442982
2.0325 0.349231 0.000429894
2.0335 0.349737 0.000446953
2.0345 0.350143 0.000489788
2.0355 0.350353 0.000491971
2.0365 0.350268 0.000445356
2.0375 0.350292 0.000431615
2.0385 0.350275 0.000392789
2.0395 0.350393 0.000413601
2.0405 0.351012 0.000452853
2.0415 0.351467 0.000409516
2.0425 0.351353 0.000405079
2.0435 0.351508 0.000413089
2.0445 0.351838 0.000382038
2.0455 0.351685 0.000412882
2.0465 0.352057 0.000420231
2.0475 0.35173 0.000330068
2.0485 0.352347 0.000368371
2.0495 0.352881 0.000509859
2.0505 0.35279 0.000434814
2.0515 0.352667 0.0003899
2.0525 0.352836 0.000401215
2.0535 0.352747 0.000381789
2.0545 0.3529 0.000404118
2.0555 0.353676 0.000439832
2.0565 0.353718 0.000436224
2.0575 0.354665 0.000572532
2.0585 0.354517 0.000415288
2.0595 0.354304 0.00039519
2.0605 0.354582 0.000430925
2.0615 0.354781 0.000422007
2.0625 0.354732 0.000422876
2.0635 0.354937 0.000418068
2.0645 0.355261 0.000393256
2.0655 0.355915 0.000426905
2.0665 0.355821 0.000440297
2.0675 0.355299 0.000341059
2.0685 0.355524 0.000354666
2.0695 0.355794 0.000396074
2.0705 0.356066 0.000376302
2.0715 0.35671 0.000427672
2.0725 0.35704 0.000407061
2.0735 0.357033 0.000392076
2.0745 0.357639 0.000473013
2.0755 0.357086 0.000430182
2.0765 0.357483 0.00043793
2.0775 0.358109 0.000468927
2.0785 0.357979 0.000454266
2.0795 0.3584 0.000475493
2.0805 0.358285 0.000371766
2.0815 0.358896 0.00044493
2.0825 0.359232 0.000515703
2.0835 0.359071 0.000448072
2.0845 0.359006 0.000440705
2.0855 0.359127 0.000360302
2.0865 0.359167 0.000374794
2.0875 0.359746 0.000401147
2.0885 0.360043 0.0004127
2.0895 0.359734 0.000364061
2.0905 0.360707 0.000441641
2.0915 0.360793 0.000401759
2.0925 0.361201 0.000402598
2.0935 0.361451 0.000409166
2.0945 0.361637 0.000418782
2.0955 0.361404 0.000447551
2.0965 0.362354 0.000502454
2.0975 0.361944 0.000453845
2.0985 0.362155 0.000426233
2.0995 0.362131 0.000395714
2.1005 0.362966 0.000555073
2.1015 0.362728 0.000450705
2.1025 0.362751 0.000450034
2.1035 0.363356 0.000471932
2.1045 0.36368 0.000492384
2.1055 0.363684 0.000475008
2.1065 0.363593 0.000425731
2.1075 0.364081 0.000376597
2.1085 0.364355 0.00038182
2.1095 0.364227 0.000438374
2.1105 0.36428 0.000392112
2.1115 0.364349 0.000344367
2.1125 0.364793 0.000407818
2.1135 0.365003 0.000382064
2.1145 0.365522 0.000400757
2.1155 0.365529 0.000441616
2.1165 0.365991 0.000416403
2.1175 0.365967 0.000411947
2.1185 0.36634 0.000445493
2.1195 0.366847 0.00049182
2.1205 0.367173 0.000515002
2.1215 0.367033 0.000456442
2.1225 0.367342 0.000468815
2.1235 0.366652 0.000365821
2.1245 0.367557 0.000402935
2.1255 0.36803 0.000427298
2.1265 0.367826 0.000407527
2.1275 0.368669 0.000466385
2.1285 0.368878 0.000463002
2.1295 0.369418 0.000553879
2.1305 0.369343 0.000427727
2.1315 0.369093 0.000402094
2.1325 0.368982 0.000391431
2.1335 0.369281 0.000425076
2.1345 0.369403 0.00044018
2.1355 0.370497 0.00048459
2.1365 0.370235 0.000435276
2.1375 0.370354 0.000434817
2.1385 0.370553 0.000421407
2.1395 0.371102 0.000412481
2.1405 0.371478 0.000456694
2.1415 0.371718 0.000414542
2.1425 0.371116 0.000384981
2.1435 0.37195 0.000504104
2.1445 0.372591 0.000464361
2.1455 0.372701 0.000438068
2.1465 0.372593 0.000458014
2.1475 0.373147 0.00047516
2.1485 0.373325 0.000438008
2.1495 0.374009 0.000435489
2.1505 0.373811 0.000429289
2.1515 0.373829 0.000387962
2.1525 0.374016 0.000450705
2.1535 0.374543 0.000460457
2.1545 0.374142 0.000370679
2.1555 0.374576 0.000419207
2.1565 0.375061 0.000408325
2.1575 0.375126 0.000384947
2.1585 0.375722 0.000422907
2.1595 0.375803 0.000389595
2.1605 0.376229 0.000429736
2.1615 0.376918 0.000449125
2.1625 0.376918 0.000450082
2.1635 0.376933 0.000423203
2.1645 0.376722 0.000422668
2.1655 0.37735 0.000457491
2.1665 0.377675 0.00055786
2.1675 0.377739 0.000416052
2.1685 0.3785 0.000550462
2.1695 0.37831 0.00043732
2.1705 0.378156 0.00040042
2.1715 0.378393 0.000385558
2.1725 0.37872 0.000416411
2.1735 0.378898 0.00039716
2.1745 0.37935 0.000442792
2.1755 0.380099 0.000458188
2.1765 0.380581 0.000502346
2.1775 0.380503 0.000498394
2.1785 0.380224 0.000399197
2.1795 0.380342 0.000403132
2.1805 0.381067 0.000407589
2.1815 0.381442 0.000408364
2.1825 0.381405 0.000420918
2.1835 0.381532 0.00044
2.1845 0.381564 0.000423922
2.1855 0.381982 0.000455505
2.1865 0.382678 0.000435653
2.1875 0.382841 0.000427926
2.1885 0.382602 0.000387553
2.1895 0.383253 0.0004694
2.1905 0.384055 0.000530872
2.1915 0.38383 0.000459467
2.1925 0.38406 0.000456102
2.1935 0.384065 0.00042082
2.1945 0.383912 0.000386452
2.1955 0.384349 0.000439225
2.1965 0.384775 0.000400194
2.1975 0.38495 0.000439865
2.1985 0.385373 0.000460866
2.1995 0.385963 0.000495473
2.2005 0.385685 0.000491248
2.2015 0.385782 0.000438289
2.2025 0.385904 0.000452363
2.2035 0.386466 0.000483156
2.2045 0.386139 0.000401839
2.2055 0.386525 0.000413149
2.2065 0.386455 0.000383815
2.2075 0.387422 0.000430777
2.2085 0.387593 0.000412357
2.2095 0.387719 0.000445991
2.2105 0.387952 0.000395612
2.2115 0.38861 0.000450411
2.2125 0.388235 0.000419212
2.2135 0.388867 0.00044908
2.2145 0.388953 0.000371679
2.2155 0.389334 0.000475532
2.2165 0.389384 0.000390119
2.2175 0.389943 0.000367566
2.2185 0.390352 0.000420631
2.2195 0.390224 0.000403392
2.2205 0.390996 0.000403849
2.2215 0.39093 0.000376317
2.2225 0.391122 0.000348646
2.2235 0.391293 0.000375267
2.2245 0.391382 0.00039133
2.2255 0.392104 0.00041376
2.2265 0.392644 0.000433016
2.2275 0.392906 0.000452236
2.2285 0.393508 0.000435276
2.2295 0.393079 0.000371122
2.2305 0.393102 0.000383994
2.2315 0.393392 0.000345752
2.2325 0.394094 0.000383706
2.2335 0.394162 0.000415201
2.2345 0.394446 0.000372226
2.2355 0.394518 0.000432009
2.2365 0.394988 0.000402817
2.2375 0.395319 0.000444504
2.2385 0.395708 0.000409036
2.2395 0.395672 0.000417383
2.2405 0.395761 0.000400576
2.2415 0.396288 0.000412565
2.2425 0.396583 0.000427749
2.2435 0.397361 0.000514316
2.2445 0.397682 0.00041987
2.2455 0.397667 0.000346784
2.2465 0.398021 0.00038844
2.2475 0.398526 0.000438819
2.2485 0.398865 0.000441977
2.2495 0.398747 0.000414383
2.2505 0.398775 0.000383914
2.2515 0.399058 0.000379178
2.2525 0.399771 0.00044645
2.2535 0.399666 0.000418663
2.2545 0.399986 0.000386115
2.2555 0.400902 0.000439381
2.2565 0.401238 0.000466824
2.2575 0.401162 0.000441203
2.2585 0.401406 0.000433204
2.2595 0.401687 0.000393251
2.2605 0.40205 0.000421665
2.2615 0.402794 0.000504338
2.2625 0.402889 0.000517888
2.2635 0.402932 0.000411973
2.2645 0.403598 0.000457143
2.2655 0.403946 0.000437587
2.2665 0.404099 0.000449965
2.2675 0.404136 0.000428105
2.2685 0.404511 0.000449694
2.2695 0.404779 0.000392294
2.2705 0.404981 0.000427498
2.2715 0.405393 0.000444096
2.2725 0.405655 0.000415003
2.2735 0.405859 0.000399401
2.2745 0.406084 0.000413131
2.2755 0.406525 0.000455765
2.2765 0.407157 0.00044282
2.2775 0.407244 0.000397683
2.2785 0.406786 0.000405458
2.2795 0.407713 0.000489464
2.2805 0.407704 0.000427013
2.2815 0.408548 0.000451025
2.2825 0.408759 0.000450004
2.2835 0.408953 0.000452269
2.2845 0.409069 0.000413591
2.2855 0.409587 0.00045623
2.2865 0.409783 0.000441515
2.2875 0.41009 0.000360991
2.2885 0.410633 0.000420119
2.2895 0.410713 0.000418368
2.2905 0.411544 0.000575486
2.2915 0.411789 0.00042446
2.2925 0.41185 0.000384352
2.2935 0.411868 0.000420306
2.2945 0.412282 0.000385896
2.2955 0.413108 0.000406839
2.2965 0.413372 0.000454359
2.2975 0.413724 0.000461229
2.2985 0.413865 0.000422114
2.2995 0.414196 0.00039988
2.3005 0.414638 0.000436978
2.3015 0.415216 0.000428918
2.3025 0.415431 0.000412414
2.3035 0.415525 0.00043998
2.3045 0.415797 0.000484782
2.3055 0.415843 0.000388449
2.3065 0.415932 0.000383369
2.3075 0.416617 0.000412463
2.3085 0.417062 0.000407593
2.3095 0.417748 0.000450248
2.3105 0.418355 0.000475837
2.3115 0.41824 0.00040998
2.3125 0.418453 0.000412845
2.3135 0.419399 0.000527391
2.3145 0.418957 0.000397591
2.3155 0.419298 0.000430412
2.3165 0.419684 0.000398675
2.3175 0.420557 0.000462152
2.3185 0.420722 0.00038237
2.3195 0.42106 0.000501058
2.3205 0.42156 0.000479565
2.3215 0.421583 0.000422907
2.3225 0.421674 0.000413494
2.3235 0.422099 0.000437622
2.3245 0.423423 0.000537693
2.3255 0.423259 0.000490147
2.3265 0.423215 0.000477006
2.3275 0.423435 0.000394947
2.3285 0.424391 0.00048763
2.3295 0.424838 0.000475323
2.3305 0.424803 0.000441347
2.3315 0.424599 0.000430251
2.3325 0.425056 0.000425
2.3335 0.425358 0.000516078
2.3345 0.425494 0.000392802
2.3355 0.426131 0.000428654
2.3365 0.42688 0.000432125
2.3375 0.427381 0.000437463
2.3385 0.427854 0.000446839
2.3395 0.428675 0.000527028
2.3405 0.428376 0.000459502
2.3415 0.429125 0.000485759
2.3425 0.429393 0.000479322
2.3435 0.429461 0.000482575
2.3445 0.430027 0.00046866
2.3455 0.430532 0.000519288
2.3465 0.431027 0.000486277
2.3475 0.430879 0.000432823
2.3485 0.431591 0.000409293
2.3495 0.43184 0.000424244
2.3505 0.432145 0.000464699
2.3515 0.432478 0.000426172
2.3525 0.433032 0.000468394
2.3535 0.433124 0.000429244
2.3545 0.433986 0.000512467
2.3555 0.434188 0.000502124
2.3565 0.434083 0.000451432
2.3575 0.434192 0.000412922
2.3585 0.434922 0.000427593
2.3595 0.435205 0.000426554
2.3605 0.435542 0.000427347
2.3615 0.436117 0.000417077
2.3625 0.436249 0.000432064
2.3635 0.436597 0.000373858
2.3645 0.437021 0.000465534
2.3655 0.437336 0.000445081
2.3665 0.437905 0.000457363
2.3675 0.438037 0.0004013
2.3685 0.438868 0.00041576
2.3695 0.439244 0.000467681
2.3705 0.439428 0.000427647
2.3715 0.440296 0.000481427
2.3725 0.440631 0.00045025
2.3735 0.440853 0.000466871
2.3745 0.441486 0.000456765
2.3755 0.441868 0.000410105
2.3765 0.442137 0.000491522
2.3775 0.442312 0.000422329
2.3785 0.442942 0.000471937
2.3795 0.443144 0.000423124
2.3805 0.44326 0.000409377
2.3815 0.443924 0.000433915
2.3825 0.444815 0.000456324
2.3835 0.445111 0.000480678
2.3845 0.445411 0.000466427
2.3855 0.446201 0.00042876
2.3865 0.446109 0.000425505
2.3875 0.44687 0.000454363
2.3885 0.447042 0.000446804
2.3895 0.447591 0.000428099
2.3905 0.448226 0.000469096
2.3915 0.448879 0.0005012
2.3925 0.449056 0.000419029
2.3935 0.448838 0.000417418
2.3945 0.44958 0.000435176
2.3955 0.450142 0.000460471
2.3965 0.450208 0.000419975
2.3975 0.451117 0.000467673
2.3985 0.451608 0.000452816
2.3995 0.452468 0.000511363
2.4005 0.452669 0.000508211
2.4015 0.452809 0.000421599
2.4025 0.453507 0.00052218
2.4035 0.453961 0.000516155
2.4045 0.454187 0.000464929
2.4055 0.454512 0.000441205
2.4065 0.455276 0.000454492
2.4075 0.455482 0.000456063
2.4085 0.456313 0.000477368
2.4095 0.45674 0.00048658
2.4105 0.457053 0.000421767
2.4115 0.45725 0.000419006
2.4125 0.457925 0.000497311
2.4135 0.458121 0.000463904
2.4145 0.458801 0.000455598
2.4155 0.459306 0.000447201
2.4165 0.45926 0.000479901
2.4175 0.45989 0.00043947
2.4185 0.46064 0.000441456
2.4195 0.460964 0.000428777
2.4205 0.461332 0.000427967
2.4215 0.461279 0.000407917
2.4225 0.46225 0.000456794
2.4235 0.462688 0.000438555
2.4245 0.463675 0.000503127
2.4255 0.464272 0.000475025
2.4265 0.464667 0.000459533
2.4275 0.464823 0.000526672
2.4285 0.465336 0.000440906
2.4295 0.465416 0.000440473
2.4305 0.466335 0.000490007
2.4315 0.466304 0.000460263
2.4325 0.467488 0.000467505
2.4335 0.467655 0.000458256
2.4345 0.4682 0.00049956
2.4355 0.468279 0.000466663
2.4365 0.46913 0.000451956
2.4375 0.469525 0.000449568
2.4385 0.470303 0.000498015
2.4395 0.470588 0.000425857
2.4405 0.471071 0.000466441
2.4415 0.471822 0.00047585
2.4425 0.472204 0.000517329
2.4435 0.472457 0.000415138
2.4445 0.473286 0.000470023
2.4455 0.474172 0.000490748
2.4465 0.474296 0.000452445
2.4475 0.475356 0.000467618
2.4485 0.475621 0.000478379
2.4495 0.47567 0.000407831
2.4505 0.476465 0.00046561
2.4515 0.477273 0.000464753
2.4525 0.478087 0.000501814
2.4535 0.478394 0.000414381
2.4545 0.478961 0.000437658
2.4555 0.479385 0.00042468
2.4565 0.480011 0.000518506
2.4575 0.480432 0.000477259
2.4585 0.480536 0.000413444
2.4595 0.481194 0.000384194
2.4605 0.481715 0.000429392
2.4615 0.482216 0.000451556
2.4625 0.482746 0.00043643
2.4635 0.483094 0.000404701
2.4645 0.484411 0.000480059
2.4655 0.485167 0.000441197
2.4665 0.485515 0.000468355
2.4675 0.486059 0.000529912
2.4685 0.48665 0.000435209
2.4695 0.486973 0.000506305
2.4705 0.487288 0.000473537
2.4715 0.487649 0.000425848
2.4725 0.488806 0.00049719
2.4735 0.488697 0.000453148
2.4745 0.488786 0.000435411
2.4755 0.489579 0.00043585
2.4765 0.490497 0.000489771
2.4775 0.491166 0.000453735
2.4785 0.491926 0.000496067
2.4795 0.491879 0.000391892
2.4805 0.492527 0.000434545
2.4815 0.493075 0.000429691
2.4825 0.493979 0.000427605
2.4835 0.494704 0.000451129
2.4845 0.495595 0.000470669
2.4855 0.496427 0.000517093
2.4865 0.496929 0.000448036
2.4875 0.497799 0.000503927
2.4885 0.498221 0.000489567
2.4895 0.49874 0.00045964
2.4905 0.498901 0.000469858
2.4915 0.499774 0.000449725
2.4925 0.500506 0.000467431
2.4935 0.50135 0.000477157
2.4945 0.502071 0.000564525
2.4955 0.502525 0.000527187
2.4965 0.502707 0.000448519
2.4975 0.503829 0.000483711
2.4985 0.50413 0.000444419
2.4995 0.505131 0.000499242
2.5005 0.505739 0.000490958
2.5015 0.506883 0.000547753
2.5025 0.506782 0.000518345
2.5035 0.507698 0.000510933
2.5045 0.508265 0.000495884
2.5055 0.508874 0.000539293
2.5065 0.509077 0.000482197
2.5075 0.510133 0.000472594
2.5085 0.510672 0.000475161
2.5095 0.511102 0.000428935
2.5105 0.511451 0.000449938
2.5115 0.512561 0.000468364
2.5125 0.513137 0.000473063
2.5135 0.51393 0.00044732
2.5145 0.514912 0.000474136
2.5155 0.515334 0.000471924
2.5165 0.516124 0.000451689
2.5175 0.516832 0.000442115
2.5185 0.517833 0.000485758
2.5195 0.517925 0.000429047
2.5205 0.518751 0.00046481
2.5215 0.51937 0.00045094
2.5225 0.520527 0.000510092
2.5235 0.521134 0.000497271
2.5245 0.52186 0.000469325
2.5255 0.52236 0.000503505
2.5265 0.523022 0.000506823
2.5275 0.523971 0.000560528
2.5285 0.524917 0.000530735
2.5295 0.525358 0.000534423
2.5305 0.525964 0.000489978
2.5315 0.526733 0.00048708
2.5325 0.527417 0.000479246
2.5335 0.528499 0.000472841
2.5345 0.529186 0.000497473
2.5355 0.530122 0.000515409
2.5365 0.53072 0.000485956
2.5375 0.530932 0.000497792
2.5385 0.532008 0.000450082
2.5395 0.532721 0.00045987
2.5405 0.53348 0.00049041
2.5415 0.534145 0.000498781
2.5425 0.535226 0.000495372
2.5435 0.536811 0.000620737
2.5445 0.536902 0.000470262
2.5455 0.537532 0.000464206
2.5465 0.53856 0.000508555
2.5475 0.539381 0.00050258
2.5485 0.540051 0.000479747
2.5495 0.541307 0.000543228
2.5505 0.541843 0.00057916
2.5515 0.542547 0.00055401
2.5525 0.542986 0.000508866
2.5535 0.544057 0.000491776
2.5545 0.54499 0.000517449
2.5555 0.545942 0.000553506
2.5565 0.547128 0.000517
2.5575 0.547964 0.000501017
2.5585 0.548599 0.000503949
2.5595 0.548826 0.000485051
2.5605 0.549713 0.000509965
2.5615 0.550885 0.000516964
2.5625 0.551421 0.000514819
2.5635 0.551943 0.000478029
2.5645 0.553275 0.000530767
2.5655 0.553996 0.000506289
2.5665 0.554813 0.000525075
2.5675 0.555654 0.000506438
2.5685 0.556779 0.000540287
2.5695 0.557225 0.000515327
2.5705 0.558299 0.000487401
2.5715 0.559583 0.000491717
2.5725 0.560105 0.000480168
2.5735 0.561398 0.000517088
2.5745 0.562295 0.000537697
2.5755 0.562783 0.000547268
2.5765 0.563571 0.000529472
2.5775 0.564619 0.000525999
2.5785 0.565734 0.000553181
2.5795 0.566866 0.000516262
2.5805 0.567951 0.000528052
2.5815 0.569316 0.00057481
2.5825 0.570129 0.000569979
2.5835 0.571171 0.000571099
2.5845 0.571545 0.000540328
2.5855 0.572935 0.000595088
2.5865 0.573005 0.000511061
2.5875 0.574333 0.000519155
2.5885 0.575577 0.000518403
2.5895 0.576345 0.000514762
2.5905 0.577653 0.000509085
2.5915 0.578232 0.000552775
2.5925 0.578856 0.000484657
2.5935 0.579837 0.00046816
2.5945 0.581062 0.000482296
2.5955 0.582495 0.000546088
2.5965 0.583282 0.000525061
2.5975 0.584911 0.000531035
2.5985 0.585997 0.000537868
2.5995 0.587361 0.000528217
2.6005 0.588084 0.000506577
2.6015 0.588766 0.00050639
2.6025 0.590182 0.000526666
2.6035 0.591291 0.000565439
2.6045 0.592613 0.000560941
2.6055 0.593148 0.000508569
2.6065 0.594619 0.000536857
2.6075 0.59551 0.000531357
2.6085 0.597125 0.000587273
2.6095 0.597892 0.000609246
2.6105 0.598704 0.000571623
2.6115 0.60045 0.00061717
2.6125 0.601031 0.0005787
2.6135 0.601899 0.000574758
2.6145 0.603599 0.00059354
2.6155 0.604671 0.00059323
2.6165 0.605512 0.000563434
2.6175 0.606461 0.000611659
2.6185 0.60788 0.000581491
2.6195 0.608783 0.000525212
2.6205 0.609955 0.00051398
2.6215 0.611102 0.000529627
2.6225 0.612514 0.000545969
2.6235 0.613986 0.00053002
2.6245 0.615034 0.0005584
2.6255 0.616394 0.000558633
2.6265 0.617537 0.00060142
2.6275 0.618486 0.000544118
2.6285 0.619686 0.000568436
2.6295 0.621053 0.000574128
2.6305 0.622115 0.000560713
2.6315 0.623638 0.000570277
2.6325 0.62474 0.000559966
2.6335 0.626207 0.000604505
2.6345 0.627598 0.000618711
2.6355 0.628697 0.000587967
2.6365 0.63003 0.000582297
2.6375 0.631531 0.000578358
2.6385 0.632691 0.000596245
2.6395 0.634369 0.000630074
2.6405 0.635044 0.000546692
2.6415 0.636347 0.000586435
2.6425 0.637918 0.000608336
2.6435 0.639238 0.000581104
2.6445 0.640833 0.000568383
2.6455 0.642003 0.000548223
2.6465 0.643831 0.000617653
2.6475 0.64522 0.000593733
2.6485 0.646682 0.000602851
2.6495 0.647916 0.000589981
2.6505 0.64936 0.000543223
2.6515 0.650739 0.000583169
2.6525 0.652343 0.000583382
2.6535 0.654293 0.000668667
2.6545 0.655151 0.000621485
2.6555 0.657057 0.000618726
2.6565 0.65866 0.00059693
2.6575 0.659999 0.000543394
2.6585 0.661794 0.000525241
2.6595 0.663439 0.000578782
2.6605 0.664541 0.000552851
2.6615 0.666261 0.000558076
2.6625 0.668004 0.000596947
2.6635 0.669384 0.000551495
2.6645 0.671888 0.000596329
2.6655 0.673342 0.000566853
2.6665 0.674921 0.000562049
2.6675 0.676663 0.000548423
2.6685 0.678764 0.000607039
2.6695 0.679931 0.000535475
2.6705 0.681464 0.000535899
2.6715 0.683413 0.000550659
2.6725 0.685473 0.000587943
2.6735 0.686969 0.000578659
2.6745 0.689315 0.00063422
2.6755 0.690971 0.000642034
2.6765 0.692726 0.000606084
2.6775 0.694412 0.000617718
2.6785 0.696246 0.000583113
2.6795 0.697832 0.000602698
2.6805 0.699902 0.000570731
2.6815 0.702155 0.000602693
2.6825 0.704044 0.00060566
2.6835 0.706012 0.0005911
2.6845 0.708553 0.000619741
2.6855 0.710439 0.000596314
2.6865 0.712362 0.000626227
2.6875 0.71401 0.000609688
2.6885 0.716106 0.000605875
2.6895 0.718254 0.00061535
2.6905 0.720088 0.000618662
2.6915 0.722175 0.000605734
2.6925 0.725135 0.000626669
2.6935 0.727081 0.000622209
2.6945 0.729235 0.000610016
2.6955 0.731639 0.000648002
2.6965 0.733819 0.000616813
2.6975 0.735936 0.000637466
2.6985 0.738347 0.000609582
2.6995 0.740687 0.000647058
2.7005 0.742967 0.000620282
2.7015 0.745516 0.00068419
2.7025 0.748186 0.00066473
2.7035 0.750665 0.000664031
2.7045 0.752987 0.000638904
2.7055 0.755308 0.000602209
2.7065 0.758321 0.000587771
2.7075 0.760672 0.000620988
2.7085 0.763245 0.00063302
2.7095 0.766132 0.000624157
2.7105 0.769249 0.000672108
2.7115 0.77155 0.000674364
2.7125 0.774474 0.000664329
2.7135 0.777441 0.000687953
2.7145 0.779988 0.000660972
2.7155 0.783057 0.00063602
2.7165 0.78557 0.000662082
2.7175 0.788836 0.000659072
2.7185 0.791425 0.000670705
2.7195 0.794623 0.000701131
2.7205 0.79758 0.00066001
2.7215 0.800609 0.000686473
2.7225 0.803553 0.000684773
2.7235 0.807232 0.000674734
2.7245 0.810537 0.000651069
2.7255 0.814206 0.000673467
2.7265 0.81741 0.000633881
2.7275 0.820114 0.000669493
2.7285 0.823597 0.000684297
2.7295 0.826631 0.000688114
2.7305 0.830212 0.000683037
2.7315 0.833857 0.000708631
2.7325 0.837517 0.000696126
2.7335 0.841524 0.000688843
2.7345 0.845213 0.000656289
2.7355 0.848606 0.000673589
2.7365 0.852345 0.000706974
2.7375 0.8554 0.000758262
2.7385 0.859286 0.00075847
2.7395 0.862817 0.000762995
2.7405 0.866438 0.000792466
2.7415 0.870633 0.000755379
2.7425 0.874666 0.000796212
2.7435 0.878519 0.000773577
2.7445 0.882552 0.000821925
2.7455 0.886765 0.000835473
2.7465 0.891157 0.000860185
2.7475 0.895474 0.000873649
2.7485 0.899583 0.000785835
2.7495 0.903939 0.000797651
2.7505 0.907758 0.00079628
2.7515 0.91199 0.00075282
2.7525 0.916378 0.000714945
2.7535 0.920308 0.000725187
2.7545 0.924766 0.000775165
2.7555 0.929039 0.000786968
2.7565 0.933636 0.000771615
2.7575 0.938429 0.000820733
2.7585 0.942852 0.000793308
2.7595 0.947178 0.000859211
2.7605 0.95158 0.000859261
2.7615 0.956476 0.000859169
2.7625 0.961328 0.000839825
2.7635 0.965947 0.000888967
2.7645 0.969878 0.000863371
2.7655 0.97544 0.000901479
2.7665 0.979143 0.000932621
2.7675 0.98383 0.000903703
2.7685 0.987872 0.000925985
2.7695 0.992506 0.000904716
2.7705 0.997931 0.00086431
2.7715 1.002 0.000795249
2.7725 1.0064 0.000854469
2.7735 1.01038 0.000832634
2.7745 1.01512 0.000884055
2.7755 1.01926 0.000908104
2.7765 1.02339 0.000905034
2.7775 1.02736 0.000913822
2.7785 1.03146 0.000916276
2.7795 1.03553 0.0009033
2.7805 1.03958 0.0008651
2.7815 1.04351 0.000939244
2.7825 1.04691 0.000933158
2.7835 1.05081 0.000918844
2.7845 1.05514 0.000961416
2.7855 1.05931 0.00100821
2.7865 1.06265 0.00101662
2.7875 1.06699 0.00107195
2.7885 1.07045 0.0011319
2.7895 1.07404 0.0011026
2.7905 1.07798 0.00110291
2.7915 1.08068 0.00105891
2.7925 1.08376 0.00111496
2.7935 1.08682 0.00115408
2.7945 1.09004 0.00110579
2.7955 1.09263 0.00109697
2.7965 1.09488 0.00107348
2.7975 1.0977 0.00109436
2.7985 1.09975 0.001087
2.7995 1.10119 0.000983403
2.8005 1.10325 0.0010148
2.8015 1.10427 0.00102393
2.8025 1.10616 0.000994096
2.8035 1.10859 0.00108923
2.8045 1.10996 0.00110968
2.8055 1.11151 0.00108295
2.8065 1.11203 0.00111872
2.8075 1.11316 0.00116557
2.8085 1.11277 0.00105716
2.8095 1.11309 0.00108496
2.8105 1.11341 0.0011233
2.8115 1.11333 0.00119938
2.8125 1.11316 0.0011168
2.8135 1.11312 0.00106605
2.8145 1.11337 0.00113553
2.8155 1.11346 0.00114491
2.8165 1.11171 0.00122088
2.8175 1.1099 0.00121626
2.8185 1.10923 0.00118598
2.8195 1.10771 0.00132684
2.8205 1.10456 0.00118496
2.8215 1.10257 0.00113759
2.8225 1.10066 0.00115479
2.8235 1.09667 0.00125936
2.8245 1.09342 0.00126762
2.8255 1.09005 0.00119503
2.8265 1.08709 0.00128276
2.8275 1.0822 0.00119822
2.8285 1.07884 0.00112872
2.8295 1.07404 0.0011769
2.8305 1.06878 0.00111156
2.8315 1.06309 0.00113259
2.8325 1.05828 0.00127404
2.8335 1.05147 0.00118399
2.8345 1.04651 0.00129158
2.8355 1.04118 0.00134818
2.8365 1.03538 0.00135173
2.8375 1.02901 0.00140558
2.8385 1.02292 0.00134677
2.8395 1.01564 0.00129791
2.8405 1.0077 0.00144083
2.8415 1.00023 0.00146383
2.8425 0.992412 0.00140087
2.8435 0.984638 0.00140765
2.8445 0.976468 0.00144385
2.8455 0.968533 0.00143551
2.8465 0.959382 0.00133388
2.8475 0.951118 0.00128182
2.8485 0.941345 0.00132605
2.8495 0.932233 0.00136134
2.8505 0.922254 0.0013524
2.8515 0.912196 0.00130372
2.8525 0.903587 0.00132825
2.8535 0.893283 0.00130187
2.8545 0.88294 0.00132607
2.8555 0.873144 0.00131138
2.8565 0.862593 0.00147173
2.8575 0.851923 0.00142899
2.8585 0.840578 0.00146699
2.8595 0.829622 0.00145221
2.8605 0.818968 0.0013821
2.8615 0.80723 0.00146553
2.8625 0.795134 0.00134473
2.8635 0.78427 0.00137949
2.8645 0.772346 0.00140825
2.8655 0.761526 0.00143505
2.8665 0.748904 0.00129118
2.8675 0.737062 0.00118171
2.8685 0.72537 0.00121961
2.8695 0.71392 0.00123079
2.8705 0.70238 0.00121971
2.8715 0.690237 0.00129354
2.8725 0.677771 0.00133306
2.8735 0.665284 0.00128599
2.8745 0.653808 0.0012186
2.8755 0.642228 0.00127393
2.8765 0.629306 0.00129217
2.8775 0.616122 0.00127662
2.8785 0.603148 0.0012662
2.8795 0.592242 0.00120604
2.8805 0.580702 0.00119506
2.8815 0.56816 0.00121345
2.8825 0.555937 0.00122645
2.8835 0.543744 0.00115979
2.8845 0.531952 0.00113949
2.8855 0.520013 0.00103798
2.8865 0.509123 0.00109979
2.8875 0.498321 0.00115546
2.8885 0.485461 0.00113441
2.8895 0.474562 0.00108758
2.8905 0.462965 0.00110751
2.8915 0.450752 0.00108983
2.8925 0.438967 0.00107775
2.8935 0.427061 0.00103957
2.8945 0.416421 0.00101274
2.8955 0.405809 0.0009701
2.8965 0.395313 0.000943437
2.8975 0.384356 0.000905939
2.8985 0.374237 0.000832947
2.8995 0.364366 0.00088557
2.9005 0.354001 0.000962226
2.9015 0.343876 0.000890648
2.9025 0.333956 0.000924332
2.9035 0.324563 0.000941708
2.9045 0.315017 0.000987418
2.9055 0.305478 0.000931995
2.9065 0.296445 0.000908254
2.9075 0.286482 0.000823284
2.9085 0.277204 0.000794259
2.9095 0.268751 0.00077189
2.9105 0.259611 0.000746802
2.9115 0.251282 0.000775781
2.9125 0.243818 0.00078116
2.9135 0.235479 0.000779666
2.9145 0.227409 0.000734241
2.9155 0.220355 0.000723313
2.9165 0.212961 0.000745666
2.9175 0.205427 0.000676658
2.9185 0.198181 0.000640092
2.9195 0.191437 0.000663386
2.9205 0.184396 0.000617251
2.9215 0.177844 0.000670247
2.9225 0.170995 0.000680286
2.9235 0.164838 0.000667971
2.9245 0.158726 0.000688803
2.9255 0.152134 0.000615716
2.9265 0.145804 0.000643117
2.9275 0.140224 0.000600285
2.9285 0.134548 0.000581981
2.9295 0.129204 0.000601182
2.9305 0.12462 0.000614636
2.9315 0.119601 0.000582169
2.9325 0.114616 0.000582306
2.9335 0.109809 0.000598841
2.9345 0.104962 0.000578086
2.9355 0.100433 0.000554043
2.9365 0.0957766 0.000542669
2.9375 0.0916695 0.000512758
2.9385 0.0880741 0.000489171
2.9395 0.0840645 0.000486539
2.9405 0.0802677 0.000482458
2.9415 0.0765844 0.000484999
2.9425 0.0731499 0.000487733
2.9435 0.069776 0.000466003
2.9445 0.0665725 0.000469223
2.9455 0.0634827 0.000429151
2.9465 0.0605165 0.000390661
2.9475 0.0578514 0.000404189
2.9485 0.0550575 0.000426939
2.9495 0.0525031 0.000375258
2.9505 0.0498489 0.000388814
2.9515 0.0474912 0.000355079
2.9525 0.0450878 0.000350908
2.9535 0.0425822 0.000340665
2.9545 0.040229 0.000344228
2.9555 0.0384129 0.000334026
2.9565 0.0366165 0.000293711
2.9575 0.0344346 0.000285746
2.9585 0.0327991 0.000261734
2.9595 0.031078 0.000263511
2.9605 0.0295653 0.000254488
2.9615 0.0282353 0.000273937
2.9625 0.0267872 0.000291441
2.9635 0.0253974 0.000293279
2.9645 0.0240713 0.000277798
2.9655 0.0228351 0.000247809
2.9665 0.021577 0.00026576
2.9675 0.0201679 0.000235398
2.9685 0.0190969 0.000218458
2.9695 0.018211 0.000244831
2.9705 0.0172408 0.000255873
2.9715 0.0162751 0.000228613
2.9725 0.0154311 0.000197691
2.9735 0.0145884 0.000197072
2.9745 0.0137034 0.00019778
2.9755 0.0126695 0.000189778
2.9765 0.011784 0.00017385
2.9775 0.011122 0.000174069
2.9785 0.0104543 0.000183458
2.9795 0.00973185 0.000174484
2.9805 0.00915039 0.00015484
2.9815 0.00847279 0.000149803
2.9825 0.0080489 0.000165273
2.9835 0.00759447 0.00016454
2.9845 0.00717544 0.000149877
2.9855 0.00668248 0.000143172
2.9865 0.00626979 0.000130225
2.9875 0.00592077 0.000138352
2.9885 0.00559366 0.000122406
2.9895 0.00518981 0.000112923
2.9905 0.00480569 0.000111272
2.9915 0.00455228 0.000121082
2.9925 0.00429477 0.000125264
2.9935 0.00394963 0.000105958
2.9945 0.00364223 0.00010599
2.9955 0.00335987 9.80922e-05
2.9965 0.00314607 0.000105628
2.9975 0.00294135 0.00010191
2.9985 0.0027498 9.48877e-05
2.9995 0.00264577 9.147e-05
3.0005 0.00244079 8.27301e-05
3.0015 0.00236573 8.37458e-05
3.0025 0.00223326 7.98287e-05
3.0035 0.00208096 7.86689e-05
3.0045 0.00193721 7.84069e-05
3.0055 0.00179975 6.90799e-05
3.0065 0.00174694 6.93072e-05
3.0075 0.00167954 6.99957e-05
3.0085 0.00156997 7.79927e-05
3.0095 0.001452 7.28832e-05
3.0105 0.00136103 6.72665e-05
3.0115 0.00128686 0.000116423
3.0125 0.00110805 7.90897e-05
3.0135 0.00102951 6.46447e-05
3.0145 0.000867772 4.73209e-05
3.0155 0.000862475 5.15149e-05
3.0165 0.000785031 4.67345e-05
3.0175 0.000742825 4.45659e-05
3.0185 0.000765318 5.51185e-05
3.0195 0.000682594 4.34729e-05
3.0205 0.000615877 5.37697e-05
3.0215 0.000561353 4.35518e-05
3.0225 0.000544845 4.47742e-05
3.0235 0.000509358 4.1836e-05
3.0245 0.000434431 3.61976e-05
3.0255 0.000426275 3.92637e-05
3.0265 0.000425897 3.91634e-05
3.0275 0.000389394 3.32839e-05
3.0285 0.000367436 4.46833e-05
3.0295 0.000321469 3.2372e-05
3.0305 0.0003432 3.90085e-05
3.0315 0.000294576 4.4303e-05
3.0325 0.000254952 3.36947e-05
3.0335 0.000221709 2.66916e-05
3.0345 0.000214825 2.42386e-05
3.0355 0.000212186 2.34995e-05
3.0365 0.00018799 2.14275e-05
3.0375 0.000214357 2.58436e-05
3.0385 0.000185823 2.36004e-05
3.0395 0.000183393 2.29585e-05
3.0405 0.000176628 2.31926e-05
3.0415 0.000167029 2.25535e-05
3.0425 0.000173073 2.57582e-05
3.0435 0.000150213 1.9025e-05
3.0445 0.000142735 2.12399e-05
3.0455 0.000130789 1.97257e-05
3.0465 0.000118798 1.67358e-05
3.0475 0.000114803 1.6872e-05
3.0485 0.000107497 1.48792e-05
3.0495 0.000115564 1.81986e-05
3.0505 0.000118975 1.90103e-05
3.0515 0.00011125 1.7094e-05
3.0525 0.000102751 1.59062e-05
3.0535 0.000126169 3.94298e-05
3.0545 7.92345e-05 1.20237e-05
3.0555 6.97423e-05 1.01718e-05
3.0565 7.52224e-05 1.16064e-05
3.0575 8.02306e-05 1.31287e-05
3.0585 7.75299e-05 1.35223e-05
3.0595 8.21261e-05 1.524e-05
3.0605 8.45616e-05 2.4478e-05
3.0615 7.80646e-05 2.06749e-05
3.0625 9.29028e-05 3.30766e-05
3.0635 7.35288e-05 1.57318e-05
3.0645 6.37579e-05 1.15688e-05
3.0655 9.16601e-05 2.2884e-05
3.0665 0.00020494 0.000103091
3.0675 7.17841e-05 1.23349e-05
3.0685 6.54562e-05 9.80369e-06
3.0695 7.09264e-05 1.1772e-05
3.0705 7.28201e-05 1.22957e-05
3.0715 6.3753e-05 9.90808e-06
3.0725 0.000104333 3.8979e-05
3.0735 7.96639e-05 1.92521e-05
3.0745 6.63015e-05 1.19108e-05
3.0755 7.09547e-05 1.3243e-05
3.0765 6.30478e-05 1.02833e-05
3.0775 7.33661e-05 1.50611e-05
3.0785 6.63498e-05 1.10397e-05
3.0795 5.99687e-05 9.91613e-06
3.0805 6.14402e-05 1.05375e-05
3.0815 6.70597e-05 1.14821e-05
3.0825 7.35657e-05 1.37427e-05
3.0835 7.12933e-05 1.41128e-05
3.0845 7.54936e-05 1.58523e-05
3.0855 8.722e-05 1.99147e-05
3.0865 8.24231e-05 2.34185e-05
3.0875 0.00010022 2.84007e-05
3.0885 6.36277e-05 1.02573e-05
3.0895 6.77743e-05 1.15697e-05
3.0905 9.09969e-05 2.36507e-05
3.0915 5.9445e-05 8.5973e-06
3.0925 6.81341e-05 1.08766e-05
3.0935 5.82104e-05 7.50852e-06
3.0945 6.61071e-05 9.92965e-06
3.0955 6.91003e-05 1.10564e-05
3.0965 6.52336e-05 1.05606e-05
3.0975 6.6578e-05 1.02862e-05
3.0985 6.29408e-05 8.96624e-06
3.0995 8.1498e-05 1.46395e-05
3.1005 8.42446e-05 1.66207e-05
3.1015 7.82807e-05 2.0193e-05
3.1025 6.65918e-05 1.23692e-05
3.1035 6.3657e-05 1.05092e-05
3.1045 5.43558e-05 8.55868e-06
3.1055 5.75217e-05 1.04181e-05
3.1065 8.16529e-05 2.63362e-05
3.1075 9.44583e-05 3.2244e-05
3.1085 0.000146514 7.49866e-05
3.1095 5.18672e-05 6.33111e-06
3.1105 6.17139e-05 1.31991e-05
3.1115 7.63694e-05 1.87542e-05
3.1125 6.7952e-05 1.61355e-05
3.1135 8.60827e-05 2.46203e-05
3.1145 0.000101946 3.33119e-05
3.1155 0.000139944 6.82229e-05
3.1165 8.74448e-05 2.25989e-05
3.1175 9.94756e-05 2.88013e-05
3.1185 8.17979e-05 3.07529e-05
3.1195 5.82521e-05 8.81232e-06
3.1205 5.75838e-05 8.4371e-06
3.1215 6.78714e-05 1.3389e-05
3.1225 6.21968e-05 1.19326e-05
3.1235 7.25315e-05 1.53509e-05
3.1245 0.00012832 5.18468e-05
3.1255 6.39266e-05 1.0403e-05
3.1265 0.00015783 8.29555e-05
3.1275 0.000172046 0.000108432
3.1285 0.000124743 6.07029e-05
3.1295 9.28887e-05 3.29544e-05
3.1305 5.77988e-05 8.33533e-06
3.1315 5.88157e-05 8.30154e-06
3.1325 5.56188e-05 6.9849e-06
3.1335 6.70193e-05 1.36568e-05
3.1345 5.85944e-05 7.70375e-06
3.1355 5.87737e-05 8.69108e-06
3.1365 6.02162e-05 9.46193e-06
3.1375 5.26194e-05 6.65965e-06
3.1385 5.70639e-05 7.32838e-06
3.1395 5.95218e-05 7.64062e-06
3.1405 6.04527e-05 7.86293e-06
3.1415 6.29471e-05 8.50425e-06
3.1425 6.33163e-05 1.02802e-05
3.1435 6.01018e-05 7.81015e-06
3.1445 5.88596e-05 7.88583e-06
3.1455 0.000106249 4.50964e-05
3.1465 7.11547e-05 1.33505e-05
3.1475 6.97952e-05 1.5084e-05
3.1485 6.86806e-05 1.21564e-05
3.1495 8.56119e-05 2.06161e-05
3.1505 7.22816e-05 1.18364e-05
3.1515 0.000120296 3.79374e-05
3.1525 6.38272e-05 9.7365e-06
3.1535 6.83927e-05 1.05097e-05
3.1545 7.16142e-05 1.144e-05
3.1555 8.03967e-05 1.31848e-05
3.1565 9.03308e-05 1.61454e-05
3.1575 9.38289e-05 1.65137e-05
3.1585 9.37467e-05 2.10588e-05
3.1595 0.000212374 8.49466e-05
3.1605 9.24763e-05 2.49872e-05
3.1615 9.00882e-05 3.11896e-05
3.1625 5.97792e-05 8.65128e-06
3.1635 0.000181199 8.50407e-05
3.1645 0.000106536 3.64351e-05
3.1655 5.84488e-05 8.37597e-06
3.1665 5.99688e-05 9.05073e-06
3.1675 6.50217e-05 1.15237e-05
3.1685 7.09629e-05 1.57807e-05
3.1695 7.20499e-05 1.51067e-05
3.1705 6.04855e-05 8.49813e-06
3.1715 6.48023e-05 9.93021e-06
3.1725 6.8628e-05 1.16175e-05
3.1735 9.26774e-05 3.29406e-05
3.1745 8.26195e-05 2.88337e-05
3.1755 6.04874e-05 9.05886e-06
3.1765 5.81899e-05 8.27965e-06
3.1775 6.195e-05 9.19404e-06
3.1785 6.43763e-05 1.00339e-05
3.1795 6.43644e-05 1.04801e-05
3.1805 6.71097e-05 1.19743e-05
3.1815 5.53337e-05 7.79289e-06
3.1825 5.71076e-05 9.15387e-06
3.1835 5.07159e-05 7.61399e-06
3.1845 5.38193e-05 8.1177e-06
3.1855 5.6991e-05 8.73995e-06
3.1865 6.02202e-05 1.06436e-05
3.1875 5.28495e-05 8.05946e-06
3.1885 5.44272e-05 8.89987e-06
3.1895 6.31607e-05 1.20229e-05
3.1905 0.000230907 0.000123299
3.1915 8.24107e-05 2.24321e-05
3.1925 5.40759e-05 8.39823e-06
3.1935 5.90041e-05 1.00126e-05
3.1945 6.31616e-05 1.36171e-05
3.1955 4.85805e-05 7.29364e-06
3.1965 6.30028e-05 1.48507e-05
3.1975 4.75294e-05 6.14495e-06
3.1985 4.46892e-05 5.71619e-06
3.1995 4.65206e-05 5.97359e-06
3.2005 4.65801e-05 6.02071e-06
3.2015 4.91652e-05 6.24832e-06
3.2025 0.000126588 6.20724e-05
3.2035 6.15509e-05 1.47924e-05
3.2045 4.9588e-05 6.52135e-06
3.2055 4.99713e-05 6.69765e-06
3.2065 5.05234e-05 6.90983e-06
3.2075 4.86382e-05 6.72963e-06
3.2085 5.10271e-05 7.13501e-06
3.2095 5.90049e-05 1.01409e-05
3.2105 5.70075e-05 1.03293e-05
3.2115 9.79926e-05 4.8327e-05
3.2125 6.47253e-05 1.68633e-05
3.2135 6.68458e-05 1.76071e-05
3.2145 7.10267e-05 2.0514e-05
3.2155 7.81031e-05 2.57401e-05
3.2165 0.00010983 4.21196e-05
3.2175 0.000105499 5.05508e-05
3.2185 8.99613e-05 3.34392e-05
3.2195 6.22737e-05 1.12395e-05
3.2205 5.82358e-05 8.92797e-06
3.2215 5.91861e-05 9.36192e-06
3.2225 7.8148e-05 1.92657e-05
3.2235 5.61484e-05 8.70066e-06
3.2245 5.8583e-05 9.64589e-06
3.2255 6.38366e-05 1.15913e-05
3.2265 6.25038e-05 1.14867e-05
3.2275 0.000162652 0.000103298
3.2285 7.24184e-05 1.53708e-05
3.2295 4.59629e-05 6.95681e-06
3.2305 4.61887e-05 7.30018e-06
3.2315 4.70243e-05 7.93181e-06
3.2325 4.84786e-05 8.64271e-06
3.2335 5.14523e-05 1.10196e-05
3.2345 4.76903e-05 6.74189e-06
3.2355 5.65896e-05 1.25305e-05
3.2365 4.84182e-05 7.18295e-06
3.2375 5.9076e-05 1.28808e-05
3.2385 8.10063e-05 2.93761e-05
3.2395 5.91189e-05 1.4473e-05
3.2405 6.18913e-05 1.60373e-05
3.2415 5.95196e-05 1.68239e-05
3.2425 9.30017e-05 2.97952e-05
3.2435 6.89865e-05 2.69474e-05
3.2445 6.126e-05 1.8484e-05
3.2455 0.000118242 6.67267e-05
3.2465 7.66511e-05 2.73696e-05
3.2475 5.32124e-05 8.03877e-06
3.2485 0.000117791 6.50058e-05
3.2495 4.76701e-05 6.43596e-06
3.2505 4.75096e-05 6.69948e-06
3.2515 4.74944e-05 6.68421e-06
3.2525 6.73373e-05 1.42673e-05
3.2535 6.10838e-05 9.19334e-06
3.2545 6.36459e-05 1.019e-05
3.2555 6.94123e-05 1.28536e-05
3.2565 0.00011886 4.14057e-05
3.2575 9.68495e-05 3.42646e-05
3.2585 7.33307e-05 2.07037e-05
3.2595 6.92926e-05 1.57097e-05
3.2605 7.34219e-05 1.65889e-05
3.2615 4.72897e-05 7.06551e-06
3.2625 4.85572e-05 7.73565e-06
3.2635 5.00036e-05 8.36722e-06
3.2645 5.7446e-05 1.38225e-05
3.2655 6.10084e-05 1.18911e-05
3.2665 5.99881e-05 1.30401e-05
3.2675 5.1842e-05 8.1804e-06
3.2685 4.80558e-05 6.30679e-06
3.2695 5.65495e-05 1.05151e-05
3.2705 5.0147e-05 6.73496e-06
3.2715 5.8649e-05 9.43966e-06
3.2725 6.53437e-05 1.2714e-05
3.2735 6.0958e-05 1.0318e-05
3.2745 7.12918e-05 1.62287e-05
3.2755 9.70895e-05 2.93618e-05
3.2765 8.9235e-05 2.35432e-05
3.2775 0.000166736 4.97305e-05
3.2785 0.000172823 9.48816e-05
3.2795 7.59803e-05 1.76783e-05
3.2805 7.18234e-05 1.83371e-05
3.2815 0.000104061 3.48356e-05
3.2825 0.000114657 4.32442e-05
3.2835 6.15467e-05 9.30465e-06
3.2845 5.67825e-05 7.56999e-06
3.2855 8.35305e-05 2.80076e-05
3.2865 7.45285e-05 1.78502e-05
3.2875 5.97587e-05 8.6978e-06
3.2885 6.18635e-05 9.1104e-06
3.2895 6.56785e-05 1.05794e-05
3.2905 7.03561e-05 1.20909e-05
3.2915 7.29023e-05 1.41599e-05
3.2925 8.38706e-05 3.0068e-05
3.2935 7.20754e-05 2.10624e-05
3.2945 6.65531e-05 1.70111e-05
3.2955 6.81989e-05 1.5772e-05
3.2965 0.000127836 7.18258e-05
3.2975 5.58034e-05 8.82033e-06
3.2985 5.40085e-05 8.78631e-06
3.2995 5.54548e-05 9.64205e-06
3.3005 5.92109e-05 1.22411e-05
3.3015 5.69012e-05 1.08774e-05
3.3025 4.97428e-05 6.76128e-06
3.3035 5.08082e-05 7.11107e-06
3.3045 5.05357e-05 7.08974e-06
3.3055 5.2657e-05 7.72548e-06
3.3065 5.54432e-05 9.59252e-06
3.3075 9.73403e-05 4.88013e-05
3.3085 0.000118777 5.88726e-05
3.3095 5.37473e-05 8.31617e-06
3.3105 5.5467e-05 8.5949e-06
3.3115 5.80765e-05 9.29506e-06
3.3125 6.07513e-05 1.00511e-05
3.3135 6.3066e-05 1.06638e-05
3.3145 6.07318e-05 1.07844e-05
3.3155 0.000138504 5.38029e-05
3.3165 0.000130681 4.90762e-05
3.3175 6.20016e-05 1.21992e-05
3.3185 7.02921e-05 1.6144e-05
3.3195 5.671e-05 9.66414e-06
3.3205 6.39885e-05 1.1538e-05
3.3215 7.10166e-05 1.54066e-05
3.3225 7.3547e-05 2.21356e-05
3.3235 5.11213e-05 8.64847e-06
3.3245 4.61057e-05 6.83089e-06
3.3255 5.07742e-05 7.76791e-06
3.3265 5.37691e-05 9.89895e-06
3.3275 5.21141e-05 8.50486e-06
3.3285 6.50476e-05 1.82435e-05
3.3295 5.28497e-05 8.81009e-06
3.3305 6.05614e-05 1.04618e-05
3.3315 6.92249e-05 1.36418e-05
3.3325 5.64257e-05 9.92541e-06
3.3335 5.93892e-05 1.1005e-05
3.3345 6.17778e-05 1.18481e-05
3.3355 6.16426e-05 1.13555e-05
3.3365 6.07587e-05 1.22886e-05
3.3375 6.34352e-05 1.33727e-05
3.3385 6.16694e-05 1.48104e-05
3.3395 6.38382e-05 1.73159e-05
3.3405 4.8753e-05 7.3118e-06
3.3415 5.10648e-05 7.53548e-06
3.3425 5.18324e-05 7.79376e-06
3.3435 5.49496e-05 8.53957e-06
3.3445 5.97939e-05 1.00665e-05
3.3455 6.13817e-05 1.06727e-05
3.3465 5.77219e-05 1.15121e-05
3.3475 5.00223e-05 8.15538e-06
3.3485 5.14392e-05 8.83603e-06
3.3495 5.45296e-05 1.04529e-05
3.3505 5.93743e-05 1.12628e-05
3.3515 0.000185041 8.71026e-05
3.3525 6.0619e-05 1.51989e-05
3.3535 7.32004e-05 1.91519e-05
3.3545 9.33274e-05 3.54061e-05
3.3555 6.44163e-05 1.43878e-05
3.3565 5.68003e-05 9.22303e-06
3.3575 8.97741e-05 2.37951e-05
3.3585 0.000118367 5.81193e-05
3.3595 5.69312e-05 1.08895e-05
3.3605 5.46877e-05 9.95347e-06
3.3615 5.82314e-05 1.17481e-05
3.3625 6.36872e-05 1.47359e-05
3.3635 0.000107039 5.40984e-05
3.3645 5.6509e-05 1.16312e-05
3.3655 0.000152089 7.96196e-05
3.3665 8.86282e-05 3.835e-05
3.3675 7.30076e-05 2.65058e-05
3.3685 0.000104538 6.0738e-05
3.3695 4.2357e-05 6.70939e-06
3.3705 4.27324e-05 6.93052e-06
3.3715 4.4591e-05 7.21572e-06
3.3725 5.96131e-05 1.58206e-05
3.3735 5.07003e-05 1.02024e-05
3.3745 4.59186e-05 8.21968e-06
3.3755 5.73538e-05 1.36751e-05
3.3765 5.19951e-05 1.04763e-05
3.3775 5.162e-05 9.43129e-06
3.3785 5.71183e-05 1.19186e-05
3.3795 6.10912e-05 1.25847e-05
3.3805 6.89886e-05 1.59718e-05
3.3815 6.60609e-05 2.022e-05
3.3825 7.89566e-05 2.50533e-05
3.3835 9.44432e-05 4.01888e-05
3.3845 8.10182e-05 2.54574e-05
3.3855 7.82328e-05 2.25394e-05
3.3865 9.50456e-05 4.08767e-05
3.3875 0.000224298 0.000102172
3.3885 7.29061e-05 2.16384e-05
3.3895 8.32942e-05 3.00938e-05
3.3905 6.84939e-05 1.65327e-05
3.3915 6.61136e-05 1.85963e-05
3.3925 6.48607e-05 1.59729e-05
3.3935 6.36332e-05 1.25838e-05
3.3945 6.78878e-05 1.43711e-05
3.3955 9.14134e-05 2.29357e-05
3.3965 7.84454e-05 2.3994e-05
3.3975 7.48633e-05 2.15414e-05
3.3985 6.6792e-05 1.86919e-05
3.3995 8.08335e-05 2.41856e-05
3.4005 5.0176e-05 9.89037e-06
3.4015 5.64496e-05 1.31545e-05
3.4025 5.02075e-05 1.01047e-05
3.4035 4.90454e-05 9.54573e-06
3.4045 4.81996e-05 1.05016e-05
3.4055 5.25309e-05 1.1438e-05
3.4065 4.52982e-05 1.0422e-05
3.4075 4.87025e-05 1.26089e-05
3.4085 4.96859e-05 1.28962e-05
3.4095 4.61057e-05 9.98912e-06
3.4105 6.72583e-05 2.72863e-05
3.4115 6.27782e-05 1.97112e-05
3.4125 6.33572e-05 1.67722e-05
3.4135 0.000120889 4.10024e-05
3.4145 0.000164533 6.47437e-05
3.4155 0.000108607 3.40117e-05
3.4165 4.98321e-05 9.98396e-06
3.4175 5.91752e-05 1.42108e-05
3.4185 4.76227e-05 9.0984e-06
3.4195 4.99374e-05 1.01881e-05
3.4205 5.57506e-05 1.25578e-05
3.4215 5.48285e-05 1.15585e-05
3.4225 7.49164e-05 2.35627e-05
3.4235 4.51176e-05 8.8589e-06
3.4245 4.97519e-05 1.14187e-05
3.4255 7.67217e-05 2.5835e-05
3.4265 7.33261e-05 2.11713e-05
3.4275 6.71493e-05 2.24235e-05
3.4285 5.70032e-05 1.88994e-05
3.4295 5.28184e-05 1.38431e-05
3.4305 4.68972e-05 1.1761e-05
3.4315 4.21124e-05 1.00371e-05
3.4325 9.71294e-05 6.32404e-05
3.4335 3.35833e-05 5.88732e-06
3.4345 4.37179e-05 1.08326e-05
3.4355 5.1171e-05 1.60384e-05
3.4365 3.57773e-05 6.54598e-06
3.4375 3.83125e-05 6.98819e-06
3.4385 6.25493e-05 1.53918e-05
3.4395 3.95573e-05 7.66936e-06
3.4405 4.93902e-05 1.1354e-05
3.4415 4.8483e-05 1.05248e-05
3.4425 4.20722e-05 8.00458e-06
3.4435 0.000104229 6.07848e-05
3.4445 3.76611e-05 6.4831e-06
3.4455 3.70597e-05 6.21535e-06
3.4465 3.81107e-05 6.39697e-06
3.4475 3.75741e-05 6.49955e-06
3.4485 3.81022e-05 6.79641e-06
3.4495 3.99866e-05 7.07727e-06
3.4505 4.20654e-05 8.11066e-06
3.4515 4.29527e-05 8.36315e-06
3.4525 4.59241e-05 9.73062e-06
3.4535 3.87414e-05 6.65551e-06
3.4545 4.06973e-05 7.32833e-06
3.4555 4.36406e-05 9.09627e-06
3.4565 4.119e-05 6.559e-06
3.4575 4.0826e-05 6.51579e-06
3.4585 4.10139e-05 6.60141e-06
3.4595 4.21596e-05 7.0748e-06
3.4605 5.06217e-05 1.00877e-05
3.4615 4.59348e-05 8.88347e-06
3.4625 4.92166e-05 9.48669e-06
3.4635 6.25333e-05 1.88325e-05
3.4645 4.91788e-05 1.08549e-05
3.4655 0.000137909 6.32827e-05
3.4665 6.83348e-05 1.76364e-05
3.4675 4.57524e-05 8.94483e-06
3.4685 4.51963e-05 7.99004e-06
3.4695 4.6687e-05 8.97379e-06
3.4705 5.27387e-05 1.11091e-05
3.4715 0.0001461 8.66499e-05
3.4725 0.000119507 6.02925e-05
3.4735 0.00014855 7.56574e-05
3.4745 0.000105686 3.95673e-05
3.4755 5.96362e-05 1.59789e-05
3.4765 4.70331e-05 9.24218e-06
3.4775 4.35596e-05 9.13569e-06
3.4785 0.000138499 6.69469e-05
3.4795 0.000125102 7.88508e-05
3.4805 4.98341e-05 1.1311e-05
3.4815 7.6945e-05 2.17803e-05
3.4825 6.60271e-05 1.60516e-05
3.4835 6.8101e-05 1.77257e-05
3.4845 7.76428e-05 2.57955e-05
3.4855 7.5086e-05 2.23419e-05
3.4865 6.63962e-05 1.41029e-05
3.4875 6.99658e-05 1.72182e-05
3.4885 4.95484e-05 1.00977e-05
3.4895 0.000160498 0.00011107
3.4905 0.000107694 6.09715e-05
3.4915 4.81853e-05 1.03487e-05
3.4925 5.24946e-05 1.24796e-05
3.4935 4.24827e-05 7.11406e-06
3.4945 4.14901e-05 6.8989e-06
3.4955 4.22329e-05 7.4729e-06
3.4965 4.29931e-05 8.58974e-06
3.4975 4.65796e-05 9.48421e-06
3.4985 4.67982e-05 1.12722e-05
3.4995 3.55437e-05 5.9019e-06
